0 Refined FastCap file derived from wires_M1oM0_W014_S014_extrapanels3D.lst, referenced in list file wires_M1oM0_W014_S014_extrapanels3D_ref.lst
*
T g2_wire_M1  -0.63 0.75 10  -0.49 0.9 10  -0.49 0.75 10
T g2_wire_M1  -0.63 0.75 10  -0.63 0.9 10  -0.49 0.9 10
T g2_wire_M1  -0.63 0.75 10  -0.63 0.9 10.6667  -0.63 0.9 10
T g2_wire_M1  -0.49 0.9 10  -0.49 0.75 10.6667  -0.49 0.75 10
T g2_wire_M1  -0.63 0.75 10  -0.63 0.75 10.6667  -0.63 0.9 10.6667
T g2_wire_M1  -0.49 0.9 10  -0.49 0.9 10.6667  -0.49 0.75 10.6667
T g2_wire_M1  -0.63 0.75 10.6667  -0.63 0.9 11.3333  -0.63 0.9 10.6667
T g2_wire_M1  -0.49 0.9 10.6667  -0.49 0.75 11.3333  -0.49 0.75 10.6667
T g2_wire_M1  -0.63 0.75 10.6667  -0.63 0.75 11.3333  -0.63 0.9 11.3333
T g2_wire_M1  -0.49 0.9 10.6667  -0.49 0.9 11.3333  -0.49 0.75 11.3333
T g2_wire_M1  -0.63 0.75 11.3333  -0.63 0.9 12  -0.63 0.9 11.3333
T g2_wire_M1  -0.49 0.9 11.3333  -0.49 0.75 12  -0.49 0.75 11.3333
T g2_wire_M1  -0.63 0.75 11.3333  -0.63 0.75 12  -0.63 0.9 12
T g2_wire_M1  -0.49 0.9 11.3333  -0.49 0.9 12  -0.49 0.75 12
T g2_wire_M1  -0.49 0.75 12  -0.63 0.9 12  -0.63 0.75 12
T g2_wire_M1  -0.49 0.75 12  -0.49 0.9 12  -0.63 0.9 12
