0 Refined FastCap file derived from wires_M1oM0_W014_S014_extrapanels3D.lst, referenced in list file wires_M1oM0_W014_S014_extrapanels3D_ref.lst
*
T diel25  -10 0.75 0  -10 0.9 0.740741  -10 0.9 0
T diel25  -10 0.9 0  -9.25926 0.75 0  -10 0.75 0
T diel25  -10 0.75 0  -10 0.75 0.740741  -10 0.9 0.740741
T diel25  -10 0.9 0  -9.25926 0.9 0  -9.25926 0.75 0
T diel25  -10 0.75 0.740741  -10 0.9 1.48148  -10 0.9 0.740741
T diel25  -9.25926 0.9 0  -8.51852 0.75 0  -9.25926 0.75 0
T diel25  -9.25926 0.9 0  -8.51852 0.9 0  -8.51852 0.75 0
T diel25  -8.51852 0.9 0  -7.77778 0.75 0  -8.51852 0.75 0
T diel25  -8.51852 0.9 0  -7.77778 0.9 0  -7.77778 0.75 0
T diel25  -10 0.75 0.740741  -10 0.75 1.48148  -10 0.9 1.48148
T diel25  -10 0.75 1.48148  -10 0.9 2.22222  -10 0.9 1.48148
T diel25  -10 0.75 1.48148  -10 0.75 2.22222  -10 0.9 2.22222
T diel25  -10 0.75 2.22222  -10 0.9 2.96296  -10 0.9 2.22222
T diel25  -10 0.75 2.22222  -10 0.75 2.96296  -10 0.9 2.96296
T diel25  -10 0.75 2.96296  -10 0.9 3.7037  -10 0.9 2.96296
T diel25  -10 0.75 2.96296  -10 0.75 3.7037  -10 0.9 3.7037
T diel25  -10 0.75 3.7037  -10 0.9 4.44444  -10 0.9 3.7037
T diel25  -10 0.75 3.7037  -10 0.75 4.44444  -10 0.9 4.44444
T diel25  -10 0.75 4.44444  -10 0.9 5.18518  -10 0.9 4.44444
T diel25  -10 0.75 4.44444  -10 0.75 5.18518  -10 0.9 5.18518
T diel25  -7.77778 0.9 0  -7.03704 0.75 0  -7.77778 0.75 0
T diel25  -7.77778 0.9 0  -7.03704 0.9 0  -7.03704 0.75 0
T diel25  -7.03704 0.9 0  -6.2963 0.75 0  -7.03704 0.75 0
T diel25  -7.03704 0.9 0  -6.2963 0.9 0  -6.2963 0.75 0
T diel25  -6.2963 0.9 0  -5.55556 0.75 0  -6.2963 0.75 0
T diel25  -6.2963 0.9 0  -5.55556 0.9 0  -5.55556 0.75 0
T diel25  -5.55556 0.9 0  -4.81482 0.75 0  -5.55556 0.75 0
T diel25  -5.55556 0.9 0  -4.81482 0.9 0  -4.81482 0.75 0
T diel25  -4.81482 0.9 0  -4.07407 0.75 0  -4.81482 0.75 0
T diel25  -4.81482 0.9 0  -4.07407 0.9 0  -4.07407 0.75 0
T diel25  -4.07407 0.9 0  -3.33333 0.75 0  -4.07407 0.75 0
T diel25  -4.07407 0.9 0  -3.33333 0.9 0  -3.33333 0.75 0
T diel25  -3.33333 0.9 0  -2.59259 0.75 0  -3.33333 0.75 0
T diel25  -3.33333 0.9 0  -2.59259 0.9 0  -2.59259 0.75 0
T diel25  -2.59259 0.9 0  -1.85185 0.75 0  -2.59259 0.75 0
T diel25  -2.59259 0.9 0  -1.85185 0.9 0  -1.85185 0.75 0
T diel25  -1.85185 0.9 0  -1.11111 0.75 0  -1.85185 0.75 0
T diel25  -1.85185 0.9 0  -1.11111 0.9 0  -1.11111 0.75 0
T diel25  -1.11111 0.9 0  -0.37037 0.75 0  -1.11111 0.75 0
T diel25  -1.11111 0.9 0  -0.37037 0.9 0  -0.37037 0.75 0
T diel25  -0.37037 0.9 0  0.37037 0.75 0  -0.37037 0.75 0
T diel25  -10 0.75 5.18518  -10 0.9 5.92593  -10 0.9 5.18518
T diel25  -10 0.75 5.18518  -10 0.75 5.92593  -10 0.9 5.92593
T diel25  -10 0.75 5.92593  -10 0.9 6.66667  -10 0.9 5.92593
T diel25  -10 0.75 5.92593  -10 0.75 6.66667  -10 0.9 6.66667
T diel25  -10 0.75 6.66667  -10 0.9 7.40741  -10 0.9 6.66667
T diel25  -10 0.75 6.66667  -10 0.75 7.40741  -10 0.9 7.40741
T diel25  -10 0.75 7.40741  -10 0.9 8.14815  -10 0.9 7.40741
T diel25  -10 0.75 7.40741  -10 0.75 8.14815  -10 0.9 8.14815
T diel25  -10 0.75 8.14815  -10 0.9 8.88889  -10 0.9 8.14815
T diel25  -10 0.75 8.14815  -10 0.75 8.88889  -10 0.9 8.88889
T diel25  -10 0.75 8.88889  -10 0.9 9.62963  -10 0.9 8.88889
T diel25  -10 0.75 8.88889  -10 0.75 9.62963  -10 0.9 9.62963
T diel25  -10 0.75 9.62963  -10 0.9 10.3704  -10 0.9 9.62963
T diel25  -10 0.75 9.62963  -10 0.75 10.3704  -10 0.9 10.3704
T diel25  -10 0.75 10.3704  -10 0.9 11.1111  -10 0.9 10.3704
T diel25  -10 0.75 10.3704  -10 0.75 11.1111  -10 0.9 11.1111
T diel25  -10 0.75 11.1111  -10 0.9 11.8519  -10 0.9 11.1111
T diel25  -10 0.75 11.1111  -10 0.75 11.8519  -10 0.9 11.8519
T diel25  -10 0.75 11.8519  -10 0.9 12.5926  -10 0.9 11.8519
T diel25  -10 0.75 11.8519  -10 0.75 12.5926  -10 0.9 12.5926
T diel25  -10 0.75 12.5926  -10 0.9 13.3333  -10 0.9 12.5926
T diel25  -10 0.75 12.5926  -10 0.75 13.3333  -10 0.9 13.3333
T diel25  -10 0.75 13.3333  -10 0.9 14.0741  -10 0.9 13.3333
T diel25  -10 0.75 13.3333  -10 0.75 14.0741  -10 0.9 14.0741
T diel25  -10 0.75 14.0741  -10 0.9 14.8148  -10 0.9 14.0741
T diel25  -10 0.75 14.0741  -10 0.75 14.8148  -10 0.9 14.8148
T diel25  -10 0.75 14.8148  -10 0.9 15.5556  -10 0.9 14.8148
T diel25  -10 0.75 14.8148  -10 0.75 15.5556  -10 0.9 15.5556
T diel25  -10 0.75 15.5556  -10 0.9 16.2963  -10 0.9 15.5556
T diel25  -10 0.75 15.5556  -10 0.75 16.2963  -10 0.9 16.2963
T diel25  -10 0.75 16.2963  -10 0.9 17.037  -10 0.9 16.2963
T diel25  -10 0.75 16.2963  -10 0.75 17.037  -10 0.9 17.037
T diel25  -10 0.75 17.037  -10 0.9 17.7778  -10 0.9 17.037
T diel25  -10 0.75 17.037  -10 0.75 17.7778  -10 0.9 17.7778
T diel25  -10 0.75 17.7778  -10 0.9 18.5185  -10 0.9 17.7778
T diel25  -10 0.75 17.7778  -10 0.75 18.5185  -10 0.9 18.5185
T diel25  -10 0.75 18.5185  -10 0.9 19.2593  -10 0.9 18.5185
T diel25  -10 0.75 18.5185  -10 0.75 19.2593  -10 0.9 19.2593
T diel25  -10 0.75 19.2593  -10 0.9 20  -10 0.9 19.2593
T diel25  -10 0.75 19.2593  -10 0.75 20  -10 0.9 20
T diel25  -10 0.75 20  -9.25926 0.9 20  -10 0.9 20
T diel25  -10 0.75 20  -9.25926 0.75 20  -9.25926 0.9 20
T diel25  -9.25926 0.75 20  -8.51852 0.9 20  -9.25926 0.9 20
T diel25  -9.25926 0.75 20  -8.51852 0.75 20  -8.51852 0.9 20
T diel25  -8.51852 0.75 20  -7.77778 0.9 20  -8.51852 0.9 20
T diel25  -8.51852 0.75 20  -7.77778 0.75 20  -7.77778 0.9 20
T diel25  -7.77778 0.75 20  -7.03704 0.9 20  -7.77778 0.9 20
T diel25  -7.77778 0.75 20  -7.03704 0.75 20  -7.03704 0.9 20
T diel25  -7.03704 0.75 20  -6.2963 0.9 20  -7.03704 0.9 20
T diel25  -7.03704 0.75 20  -6.2963 0.75 20  -6.2963 0.9 20
T diel25  -6.2963 0.75 20  -5.55556 0.9 20  -6.2963 0.9 20
T diel25  -6.2963 0.75 20  -5.55556 0.75 20  -5.55556 0.9 20
T diel25  -5.55556 0.75 20  -4.81482 0.9 20  -5.55556 0.9 20
T diel25  -5.55556 0.75 20  -4.81482 0.75 20  -4.81482 0.9 20
T diel25  -4.81482 0.75 20  -4.07407 0.9 20  -4.81482 0.9 20
T diel25  -4.81482 0.75 20  -4.07407 0.75 20  -4.07407 0.9 20
T diel25  -4.07407 0.75 20  -3.33333 0.9 20  -4.07407 0.9 20
T diel25  -4.07407 0.75 20  -3.33333 0.75 20  -3.33333 0.9 20
T diel25  -3.33333 0.75 20  -2.59259 0.9 20  -3.33333 0.9 20
T diel25  -3.33333 0.75 20  -2.59259 0.75 20  -2.59259 0.9 20
T diel25  -2.59259 0.75 20  -1.85185 0.9 20  -2.59259 0.9 20
T diel25  -2.59259 0.75 20  -1.85185 0.75 20  -1.85185 0.9 20
T diel25  -1.85185 0.75 20  -1.11111 0.9 20  -1.85185 0.9 20
T diel25  -1.85185 0.75 20  -1.11111 0.75 20  -1.11111 0.9 20
T diel25  -1.11111 0.75 20  -0.37037 0.9 20  -1.11111 0.9 20
T diel25  -1.11111 0.75 20  -0.37037 0.75 20  -0.37037 0.9 20
T diel25  -0.37037 0.75 20  0.37037 0.9 20  -0.37037 0.9 20
T diel25  -0.37037 0.9 0  0.37037 0.9 0  0.37037 0.75 0
T diel25  0.37037 0.9 0  1.11111 0.75 0  0.37037 0.75 0
T diel25  0.37037 0.9 0  1.11111 0.9 0  1.11111 0.75 0
T diel25  1.11111 0.9 0  1.85185 0.75 0  1.11111 0.75 0
T diel25  1.11111 0.9 0  1.85185 0.9 0  1.85185 0.75 0
T diel25  1.85185 0.9 0  2.59259 0.75 0  1.85185 0.75 0
T diel25  1.85185 0.9 0  2.59259 0.9 0  2.59259 0.75 0
T diel25  2.59259 0.9 0  3.33333 0.75 0  2.59259 0.75 0
T diel25  2.59259 0.9 0  3.33333 0.9 0  3.33333 0.75 0
T diel25  3.33333 0.9 0  4.07407 0.75 0  3.33333 0.75 0
T diel25  3.33333 0.9 0  4.07407 0.9 0  4.07407 0.75 0
T diel25  4.07407 0.9 0  4.81482 0.75 0  4.07407 0.75 0
T diel25  4.07407 0.9 0  4.81482 0.9 0  4.81482 0.75 0
T diel25  4.81482 0.9 0  5.55556 0.75 0  4.81482 0.75 0
T diel25  4.81482 0.9 0  5.55556 0.9 0  5.55556 0.75 0
T diel25  5.55556 0.9 0  6.2963 0.75 0  5.55556 0.75 0
T diel25  5.55556 0.9 0  6.2963 0.9 0  6.2963 0.75 0
T diel25  6.2963 0.9 0  7.03704 0.75 0  6.2963 0.75 0
T diel25  6.2963 0.9 0  7.03704 0.9 0  7.03704 0.75 0
T diel25  7.03704 0.9 0  7.77778 0.75 0  7.03704 0.75 0
T diel25  7.03704 0.9 0  7.77778 0.9 0  7.77778 0.75 0
T diel25  7.77778 0.9 0  8.51852 0.75 0  7.77778 0.75 0
T diel25  7.77778 0.9 0  8.51852 0.9 0  8.51852 0.75 0
T diel25  8.51852 0.9 0  9.25926 0.75 0  8.51852 0.75 0
T diel25  8.51852 0.9 0  9.25926 0.9 0  9.25926 0.75 0
T diel25  9.25926 0.9 0  10 0.75 0  9.25926 0.75 0
T diel25  9.25926 0.9 0  10 0.9 0  10 0.75 0
T diel25  10 0.9 0  10 0.75 0.740741  10 0.75 0
T diel25  10 0.9 0  10 0.9 0.740741  10 0.75 0.740741
T diel25  10 0.9 0.740741  10 0.75 1.48148  10 0.75 0.740741
T diel25  10 0.9 0.740741  10 0.9 1.48148  10 0.75 1.48148
T diel25  10 0.9 1.48148  10 0.75 2.22222  10 0.75 1.48148
T diel25  10 0.9 1.48148  10 0.9 2.22222  10 0.75 2.22222
T diel25  10 0.9 2.22222  10 0.75 2.96296  10 0.75 2.22222
T diel25  10 0.9 2.22222  10 0.9 2.96296  10 0.75 2.96296
T diel25  10 0.9 2.96296  10 0.75 3.7037  10 0.75 2.96296
T diel25  10 0.9 2.96296  10 0.9 3.7037  10 0.75 3.7037
T diel25  10 0.9 3.7037  10 0.75 4.44444  10 0.75 3.7037
T diel25  10 0.9 3.7037  10 0.9 4.44444  10 0.75 4.44444
T diel25  10 0.9 4.44444  10 0.75 5.18518  10 0.75 4.44444
T diel25  10 0.9 4.44444  10 0.9 5.18518  10 0.75 5.18518
T diel25  10 0.9 5.18518  10 0.75 5.92593  10 0.75 5.18518
T diel25  10 0.9 5.18518  10 0.9 5.92593  10 0.75 5.92593
T diel25  10 0.9 5.92593  10 0.75 6.66667  10 0.75 5.92593
T diel25  10 0.9 5.92593  10 0.9 6.66667  10 0.75 6.66667
T diel25  10 0.9 6.66667  10 0.75 7.40741  10 0.75 6.66667
T diel25  10 0.9 6.66667  10 0.9 7.40741  10 0.75 7.40741
T diel25  10 0.9 7.40741  10 0.75 8.14815  10 0.75 7.40741
T diel25  10 0.9 7.40741  10 0.9 8.14815  10 0.75 8.14815
T diel25  10 0.9 8.14815  10 0.75 8.88889  10 0.75 8.14815
T diel25  10 0.9 8.14815  10 0.9 8.88889  10 0.75 8.88889
T diel25  10 0.9 8.88889  10 0.75 9.62963  10 0.75 8.88889
T diel25  10 0.9 8.88889  10 0.9 9.62963  10 0.75 9.62963
T diel25  10 0.9 9.62963  10 0.75 10.3704  10 0.75 9.62963
T diel25  10 0.9 9.62963  10 0.9 10.3704  10 0.75 10.3704
T diel25  10 0.9 10.3704  10 0.75 11.1111  10 0.75 10.3704
T diel25  10 0.9 10.3704  10 0.9 11.1111  10 0.75 11.1111
T diel25  10 0.9 11.1111  10 0.75 11.8519  10 0.75 11.1111
T diel25  10 0.9 11.1111  10 0.9 11.8519  10 0.75 11.8519
T diel25  10 0.9 11.8519  10 0.75 12.5926  10 0.75 11.8519
T diel25  10 0.9 11.8519  10 0.9 12.5926  10 0.75 12.5926
T diel25  10 0.9 12.5926  10 0.75 13.3333  10 0.75 12.5926
T diel25  10 0.9 12.5926  10 0.9 13.3333  10 0.75 13.3333
T diel25  10 0.9 13.3333  10 0.75 14.0741  10 0.75 13.3333
T diel25  10 0.9 13.3333  10 0.9 14.0741  10 0.75 14.0741
T diel25  10 0.9 14.0741  10 0.75 14.8148  10 0.75 14.0741
T diel25  10 0.9 14.0741  10 0.9 14.8148  10 0.75 14.8148
T diel25  -0.37037 0.75 20  0.37037 0.75 20  0.37037 0.9 20
T diel25  0.37037 0.75 20  1.11111 0.9 20  0.37037 0.9 20
T diel25  0.37037 0.75 20  1.11111 0.75 20  1.11111 0.9 20
T diel25  1.11111 0.75 20  1.85185 0.9 20  1.11111 0.9 20
T diel25  1.11111 0.75 20  1.85185 0.75 20  1.85185 0.9 20
T diel25  1.85185 0.75 20  2.59259 0.9 20  1.85185 0.9 20
T diel25  1.85185 0.75 20  2.59259 0.75 20  2.59259 0.9 20
T diel25  2.59259 0.75 20  3.33333 0.9 20  2.59259 0.9 20
T diel25  2.59259 0.75 20  3.33333 0.75 20  3.33333 0.9 20
T diel25  3.33333 0.75 20  4.07407 0.9 20  3.33333 0.9 20
T diel25  3.33333 0.75 20  4.07407 0.75 20  4.07407 0.9 20
T diel25  4.07407 0.75 20  4.81482 0.9 20  4.07407 0.9 20
T diel25  4.07407 0.75 20  4.81482 0.75 20  4.81482 0.9 20
T diel25  10 0.9 14.8148  10 0.75 15.5556  10 0.75 14.8148
T diel25  10 0.9 14.8148  10 0.9 15.5556  10 0.75 15.5556
T diel25  10 0.9 15.5556  10 0.75 16.2963  10 0.75 15.5556
T diel25  10 0.9 15.5556  10 0.9 16.2963  10 0.75 16.2963
T diel25  10 0.9 16.2963  10 0.75 17.037  10 0.75 16.2963
T diel25  10 0.9 16.2963  10 0.9 17.037  10 0.75 17.037
T diel25  10 0.9 17.037  10 0.75 17.7778  10 0.75 17.037
T diel25  4.81482 0.75 20  5.55556 0.9 20  4.81482 0.9 20
T diel25  4.81482 0.75 20  5.55556 0.75 20  5.55556 0.9 20
T diel25  5.55556 0.75 20  6.2963 0.9 20  5.55556 0.9 20
T diel25  5.55556 0.75 20  6.2963 0.75 20  6.2963 0.9 20
T diel25  6.2963 0.75 20  7.03704 0.9 20  6.2963 0.9 20
T diel25  6.2963 0.75 20  7.03704 0.75 20  7.03704 0.9 20
T diel25  7.03704 0.75 20  7.77778 0.9 20  7.03704 0.9 20
T diel25  7.03704 0.75 20  7.77778 0.75 20  7.77778 0.9 20
T diel25  10 0.9 17.037  10 0.9 17.7778  10 0.75 17.7778
T diel25  10 0.9 17.7778  10 0.75 18.5185  10 0.75 17.7778
T diel25  10 0.9 17.7778  10 0.9 18.5185  10 0.75 18.5185
T diel25  10 0.9 18.5185  10 0.75 19.2593  10 0.75 18.5185
T diel25  7.77778 0.75 20  8.51852 0.9 20  7.77778 0.9 20
T diel25  7.77778 0.75 20  8.51852 0.75 20  8.51852 0.9 20
T diel25  8.51852 0.75 20  9.25926 0.9 20  8.51852 0.9 20
T diel25  8.51852 0.75 20  9.25926 0.75 20  9.25926 0.9 20
T diel25  10 0.9 18.5185  10 0.9 19.2593  10 0.75 19.2593
T diel25  9.25926 0.75 20  10 0.9 20  9.25926 0.9 20
T diel25  9.25926 0.75 20  10 0.75 20  10 0.9 20
T diel25  10 0.9 19.2593  10 0.75 20  10 0.75 19.2593
T diel25  10 0.9 19.2593  10 0.9 20  10 0.75 20
