0 Refined FastCap file derived from wires_M1oM0_W014_S014_extrapanels3D.lst, referenced in list file wires_M1oM0_W014_S014_extrapanels3D_ref.lst
*
T diel39  -10 1.15 0  -10 1.17 0.1  -10 1.17 0
T diel39  -10 1.17 0  -9.9 1.15 0  -10 1.15 0
T diel39  -10 1.17 0  -9.9 1.17 0  -9.9 1.15 0
T diel39  -10 1.15 0  -10 1.15 0.1  -10 1.17 0.1
T diel39  -9.9 1.17 0  -9.8 1.15 0  -9.9 1.15 0
T diel39  -10 1.15 0.1  -10 1.17 0.2  -10 1.17 0.1
T diel39  -9.9 1.17 0  -9.8 1.17 0  -9.8 1.15 0
T diel39  -9.8 1.17 0  -9.7 1.15 0  -9.8 1.15 0
T diel39  -9.8 1.17 0  -9.7 1.17 0  -9.7 1.15 0
T diel39  -10 1.15 0.1  -10 1.15 0.2  -10 1.17 0.2
T diel39  -10 1.15 0.2  -10 1.17 0.3  -10 1.17 0.2
T diel39  -10 1.15 0.2  -10 1.15 0.3  -10 1.17 0.3
T diel39  -9.7 1.17 0  -9.6 1.15 0  -9.7 1.15 0
T diel39  -9.7 1.17 0  -9.6 1.17 0  -9.6 1.15 0
T diel39  -9.6 1.17 0  -9.5 1.15 0  -9.6 1.15 0
T diel39  -9.6 1.17 0  -9.5 1.17 0  -9.5 1.15 0
T diel39  -9.5 1.17 0  -9.4 1.15 0  -9.5 1.15 0
T diel39  -9.5 1.17 0  -9.4 1.17 0  -9.4 1.15 0
T diel39  -10 1.15 0.3  -10 1.17 0.4  -10 1.17 0.3
T diel39  -10 1.15 0.3  -10 1.15 0.4  -10 1.17 0.4
T diel39  -10 1.15 0.4  -10 1.17 0.5  -10 1.17 0.4
T diel39  -10 1.15 0.4  -10 1.15 0.5  -10 1.17 0.5
T diel39  -10 1.15 0.5  -10 1.17 0.6  -10 1.17 0.5
T diel39  -10 1.15 0.5  -10 1.15 0.6  -10 1.17 0.6
T diel39  -9.4 1.17 0  -9.3 1.15 0  -9.4 1.15 0
T diel39  -9.4 1.17 0  -9.3 1.17 0  -9.3 1.15 0
T diel39  -9.3 1.17 0  -9.2 1.15 0  -9.3 1.15 0
T diel39  -9.3 1.17 0  -9.2 1.17 0  -9.2 1.15 0
T diel39  -9.2 1.17 0  -9.1 1.15 0  -9.2 1.15 0
T diel39  -9.2 1.17 0  -9.1 1.17 0  -9.1 1.15 0
T diel39  -9.1 1.17 0  -9 1.15 0  -9.1 1.15 0
T diel39  -9.1 1.17 0  -9 1.17 0  -9 1.15 0
T diel39  -9 1.17 0  -8.9 1.15 0  -9 1.15 0
T diel39  -9 1.17 0  -8.9 1.17 0  -8.9 1.15 0
T diel39  -8.9 1.17 0  -8.8 1.15 0  -8.9 1.15 0
T diel39  -8.9 1.17 0  -8.8 1.17 0  -8.8 1.15 0
T diel39  -10 1.15 0.6  -10 1.17 0.7  -10 1.17 0.6
T diel39  -10 1.15 0.6  -10 1.15 0.7  -10 1.17 0.7
T diel39  -10 1.15 0.7  -10 1.17 0.8  -10 1.17 0.7
T diel39  -10 1.15 0.7  -10 1.15 0.8  -10 1.17 0.8
T diel39  -10 1.15 0.8  -10 1.17 0.9  -10 1.17 0.8
T diel39  -10 1.15 0.8  -10 1.15 0.9  -10 1.17 0.9
T diel39  -10 1.15 0.9  -10 1.17 1  -10 1.17 0.9
T diel39  -10 1.15 0.9  -10 1.15 1  -10 1.17 1
T diel39  -10 1.15 1  -10 1.17 1.1  -10 1.17 1
T diel39  -10 1.15 1  -10 1.15 1.1  -10 1.17 1.1
T diel39  -10 1.15 1.1  -10 1.17 1.2  -10 1.17 1.1
T diel39  -10 1.15 1.1  -10 1.15 1.2  -10 1.17 1.2
T diel39  -10 1.15 1.2  -10 1.17 1.3  -10 1.17 1.2
T diel39  -10 1.15 1.2  -10 1.15 1.3  -10 1.17 1.3
T diel39  -10 1.15 1.3  -10 1.17 1.4  -10 1.17 1.3
T diel39  -10 1.15 1.3  -10 1.15 1.4  -10 1.17 1.4
T diel39  -10 1.15 1.4  -10 1.17 1.5  -10 1.17 1.4
T diel39  -10 1.15 1.4  -10 1.15 1.5  -10 1.17 1.5
T diel39  -10 1.15 1.5  -10 1.17 1.6  -10 1.17 1.5
T diel39  -10 1.15 1.5  -10 1.15 1.6  -10 1.17 1.6
T diel39  -10 1.15 1.6  -10 1.17 1.7  -10 1.17 1.6
T diel39  -10 1.15 1.6  -10 1.15 1.7  -10 1.17 1.7
T diel39  -10 1.15 1.7  -10 1.17 1.8  -10 1.17 1.7
T diel39  -10 1.15 1.7  -10 1.15 1.8  -10 1.17 1.8
T diel39  -10 1.15 1.8  -10 1.17 1.9  -10 1.17 1.8
T diel39  -10 1.15 1.8  -10 1.15 1.9  -10 1.17 1.9
T diel39  -10 1.15 1.9  -10 1.17 2  -10 1.17 1.9
T diel39  -10 1.15 1.9  -10 1.15 2  -10 1.17 2
T diel39  -10 1.15 2  -10 1.17 2.1  -10 1.17 2
T diel39  -10 1.15 2  -10 1.15 2.1  -10 1.17 2.1
T diel39  -10 1.15 2.1  -10 1.17 2.2  -10 1.17 2.1
T diel39  -10 1.15 2.1  -10 1.15 2.2  -10 1.17 2.2
T diel39  -10 1.15 2.2  -10 1.17 2.3  -10 1.17 2.2
T diel39  -10 1.15 2.2  -10 1.15 2.3  -10 1.17 2.3
T diel39  -10 1.15 2.3  -10 1.17 2.4  -10 1.17 2.3
T diel39  -10 1.15 2.3  -10 1.15 2.4  -10 1.17 2.4
T diel39  -10 1.15 2.4  -10 1.17 2.5  -10 1.17 2.4
T diel39  -10 1.15 2.4  -10 1.15 2.5  -10 1.17 2.5
T diel39  -8.8 1.17 0  -8.7 1.15 0  -8.8 1.15 0
T diel39  -8.8 1.17 0  -8.7 1.17 0  -8.7 1.15 0
T diel39  -8.7 1.17 0  -8.6 1.15 0  -8.7 1.15 0
T diel39  -8.7 1.17 0  -8.6 1.17 0  -8.6 1.15 0
T diel39  -8.6 1.17 0  -8.5 1.15 0  -8.6 1.15 0
T diel39  -8.6 1.17 0  -8.5 1.17 0  -8.5 1.15 0
T diel39  -8.5 1.17 0  -8.4 1.15 0  -8.5 1.15 0
T diel39  -8.5 1.17 0  -8.4 1.17 0  -8.4 1.15 0
T diel39  -8.4 1.17 0  -8.3 1.15 0  -8.4 1.15 0
T diel39  -8.4 1.17 0  -8.3 1.17 0  -8.3 1.15 0
T diel39  -8.3 1.17 0  -8.2 1.15 0  -8.3 1.15 0
T diel39  -8.3 1.17 0  -8.2 1.17 0  -8.2 1.15 0
T diel39  -8.2 1.17 0  -8.1 1.15 0  -8.2 1.15 0
T diel39  -8.2 1.17 0  -8.1 1.17 0  -8.1 1.15 0
T diel39  -8.1 1.17 0  -8 1.15 0  -8.1 1.15 0
T diel39  -8.1 1.17 0  -8 1.17 0  -8 1.15 0
T diel39  -8 1.17 0  -7.9 1.15 0  -8 1.15 0
T diel39  -8 1.17 0  -7.9 1.17 0  -7.9 1.15 0
T diel39  -7.9 1.17 0  -7.8 1.15 0  -7.9 1.15 0
T diel39  -7.9 1.17 0  -7.8 1.17 0  -7.8 1.15 0
T diel39  -7.8 1.17 0  -7.7 1.15 0  -7.8 1.15 0
T diel39  -7.8 1.17 0  -7.7 1.17 0  -7.7 1.15 0
T diel39  -7.7 1.17 0  -7.6 1.15 0  -7.7 1.15 0
T diel39  -7.7 1.17 0  -7.6 1.17 0  -7.6 1.15 0
T diel39  -7.6 1.17 0  -7.5 1.15 0  -7.6 1.15 0
T diel39  -7.6 1.17 0  -7.5 1.17 0  -7.5 1.15 0
T diel39  -10 1.15 2.5  -10 1.17 2.6  -10 1.17 2.5
T diel39  -10 1.15 2.5  -10 1.15 2.6  -10 1.17 2.6
T diel39  -10 1.15 2.6  -10 1.17 2.7  -10 1.17 2.6
T diel39  -10 1.15 2.6  -10 1.15 2.7  -10 1.17 2.7
T diel39  -10 1.15 2.7  -10 1.17 2.8  -10 1.17 2.7
T diel39  -10 1.15 2.7  -10 1.15 2.8  -10 1.17 2.8
T diel39  -10 1.15 2.8  -10 1.17 2.9  -10 1.17 2.8
T diel39  -10 1.15 2.8  -10 1.15 2.9  -10 1.17 2.9
T diel39  -10 1.15 2.9  -10 1.17 3  -10 1.17 2.9
T diel39  -10 1.15 2.9  -10 1.15 3  -10 1.17 3
T diel39  -10 1.15 3  -10 1.17 3.1  -10 1.17 3
T diel39  -10 1.15 3  -10 1.15 3.1  -10 1.17 3.1
T diel39  -10 1.15 3.1  -10 1.17 3.2  -10 1.17 3.1
T diel39  -10 1.15 3.1  -10 1.15 3.2  -10 1.17 3.2
T diel39  -10 1.15 3.2  -10 1.17 3.3  -10 1.17 3.2
T diel39  -10 1.15 3.2  -10 1.15 3.3  -10 1.17 3.3
T diel39  -10 1.15 3.3  -10 1.17 3.4  -10 1.17 3.3
T diel39  -10 1.15 3.3  -10 1.15 3.4  -10 1.17 3.4
T diel39  -10 1.15 3.4  -10 1.17 3.5  -10 1.17 3.4
T diel39  -10 1.15 3.4  -10 1.15 3.5  -10 1.17 3.5
T diel39  -10 1.15 3.5  -10 1.17 3.6  -10 1.17 3.5
T diel39  -10 1.15 3.5  -10 1.15 3.6  -10 1.17 3.6
T diel39  -10 1.15 3.6  -10 1.17 3.7  -10 1.17 3.6
T diel39  -10 1.15 3.6  -10 1.15 3.7  -10 1.17 3.7
T diel39  -10 1.15 3.7  -10 1.17 3.8  -10 1.17 3.7
T diel39  -10 1.15 3.7  -10 1.15 3.8  -10 1.17 3.8
T diel39  -10 1.15 3.8  -10 1.17 3.9  -10 1.17 3.8
T diel39  -10 1.15 3.8  -10 1.15 3.9  -10 1.17 3.9
T diel39  -10 1.15 3.9  -10 1.17 4  -10 1.17 3.9
T diel39  -10 1.15 3.9  -10 1.15 4  -10 1.17 4
T diel39  -10 1.15 4  -10 1.17 4.1  -10 1.17 4
T diel39  -10 1.15 4  -10 1.15 4.1  -10 1.17 4.1
T diel39  -10 1.15 4.1  -10 1.17 4.2  -10 1.17 4.1
T diel39  -10 1.15 4.1  -10 1.15 4.2  -10 1.17 4.2
T diel39  -10 1.15 4.2  -10 1.17 4.3  -10 1.17 4.2
T diel39  -10 1.15 4.2  -10 1.15 4.3  -10 1.17 4.3
T diel39  -10 1.15 4.3  -10 1.17 4.4  -10 1.17 4.3
T diel39  -10 1.15 4.3  -10 1.15 4.4  -10 1.17 4.4
T diel39  -10 1.15 4.4  -10 1.17 4.5  -10 1.17 4.4
T diel39  -10 1.15 4.4  -10 1.15 4.5  -10 1.17 4.5
T diel39  -10 1.15 4.5  -10 1.17 4.6  -10 1.17 4.5
T diel39  -10 1.15 4.5  -10 1.15 4.6  -10 1.17 4.6
T diel39  -10 1.15 4.6  -10 1.17 4.7  -10 1.17 4.6
T diel39  -10 1.15 4.6  -10 1.15 4.7  -10 1.17 4.7
T diel39  -10 1.15 4.7  -10 1.17 4.8  -10 1.17 4.7
T diel39  -10 1.15 4.7  -10 1.15 4.8  -10 1.17 4.8
T diel39  -10 1.15 4.8  -10 1.17 4.9  -10 1.17 4.8
T diel39  -10 1.15 4.8  -10 1.15 4.9  -10 1.17 4.9
T diel39  -10 1.15 4.9  -10 1.17 5  -10 1.17 4.9
T diel39  -10 1.15 4.9  -10 1.15 5  -10 1.17 5
T diel39  -7.5 1.17 0  -7.4 1.15 0  -7.5 1.15 0
T diel39  -7.5 1.17 0  -7.4 1.17 0  -7.4 1.15 0
T diel39  -7.4 1.17 0  -7.3 1.15 0  -7.4 1.15 0
T diel39  -7.4 1.17 0  -7.3 1.17 0  -7.3 1.15 0
T diel39  -7.3 1.17 0  -7.2 1.15 0  -7.3 1.15 0
T diel39  -7.3 1.17 0  -7.2 1.17 0  -7.2 1.15 0
T diel39  -7.2 1.17 0  -7.1 1.15 0  -7.2 1.15 0
T diel39  -7.2 1.17 0  -7.1 1.17 0  -7.1 1.15 0
T diel39  -7.1 1.17 0  -7 1.15 0  -7.1 1.15 0
T diel39  -7.1 1.17 0  -7 1.17 0  -7 1.15 0
T diel39  -7 1.17 0  -6.9 1.15 0  -7 1.15 0
T diel39  -7 1.17 0  -6.9 1.17 0  -6.9 1.15 0
T diel39  -6.9 1.17 0  -6.8 1.15 0  -6.9 1.15 0
T diel39  -6.9 1.17 0  -6.8 1.17 0  -6.8 1.15 0
T diel39  -6.8 1.17 0  -6.7 1.15 0  -6.8 1.15 0
T diel39  -6.8 1.17 0  -6.7 1.17 0  -6.7 1.15 0
T diel39  -6.7 1.17 0  -6.6 1.15 0  -6.7 1.15 0
T diel39  -6.7 1.17 0  -6.6 1.17 0  -6.6 1.15 0
T diel39  -6.6 1.17 0  -6.5 1.15 0  -6.6 1.15 0
T diel39  -6.6 1.17 0  -6.5 1.17 0  -6.5 1.15 0
T diel39  -6.5 1.17 0  -6.4 1.15 0  -6.5 1.15 0
T diel39  -6.5 1.17 0  -6.4 1.17 0  -6.4 1.15 0
T diel39  -6.4 1.17 0  -6.3 1.15 0  -6.4 1.15 0
T diel39  -6.4 1.17 0  -6.3 1.17 0  -6.3 1.15 0
T diel39  -6.3 1.17 0  -6.2 1.15 0  -6.3 1.15 0
T diel39  -6.3 1.17 0  -6.2 1.17 0  -6.2 1.15 0
T diel39  -6.2 1.17 0  -6.1 1.15 0  -6.2 1.15 0
T diel39  -6.2 1.17 0  -6.1 1.17 0  -6.1 1.15 0
T diel39  -6.1 1.17 0  -6 1.15 0  -6.1 1.15 0
T diel39  -6.1 1.17 0  -6 1.17 0  -6 1.15 0
T diel39  -6 1.17 0  -5.9 1.15 0  -6 1.15 0
T diel39  -6 1.17 0  -5.9 1.17 0  -5.9 1.15 0
T diel39  -5.9 1.17 0  -5.8 1.15 0  -5.9 1.15 0
T diel39  -5.9 1.17 0  -5.8 1.17 0  -5.8 1.15 0
T diel39  -5.8 1.17 0  -5.7 1.15 0  -5.8 1.15 0
T diel39  -5.8 1.17 0  -5.7 1.17 0  -5.7 1.15 0
T diel39  -5.7 1.17 0  -5.6 1.15 0  -5.7 1.15 0
T diel39  -5.7 1.17 0  -5.6 1.17 0  -5.6 1.15 0
T diel39  -5.6 1.17 0  -5.5 1.15 0  -5.6 1.15 0
T diel39  -5.6 1.17 0  -5.5 1.17 0  -5.5 1.15 0
T diel39  -5.5 1.17 0  -5.4 1.15 0  -5.5 1.15 0
T diel39  -5.5 1.17 0  -5.4 1.17 0  -5.4 1.15 0
T diel39  -5.4 1.17 0  -5.3 1.15 0  -5.4 1.15 0
T diel39  -5.4 1.17 0  -5.3 1.17 0  -5.3 1.15 0
T diel39  -5.3 1.17 0  -5.2 1.15 0  -5.3 1.15 0
T diel39  -5.3 1.17 0  -5.2 1.17 0  -5.2 1.15 0
T diel39  -5.2 1.17 0  -5.1 1.15 0  -5.2 1.15 0
T diel39  -5.2 1.17 0  -5.1 1.17 0  -5.1 1.15 0
T diel39  -5.1 1.17 0  -5 1.15 0  -5.1 1.15 0
T diel39  -5.1 1.17 0  -5 1.17 0  -5 1.15 0
T diel39  -10 1.15 5  -10 1.17 5.1  -10 1.17 5
T diel39  -10 1.15 5  -10 1.15 5.1  -10 1.17 5.1
T diel39  -10 1.15 5.1  -10 1.17 5.2  -10 1.17 5.1
T diel39  -10 1.15 5.1  -10 1.15 5.2  -10 1.17 5.2
T diel39  -10 1.15 5.2  -10 1.17 5.3  -10 1.17 5.2
T diel39  -10 1.15 5.2  -10 1.15 5.3  -10 1.17 5.3
T diel39  -10 1.15 5.3  -10 1.17 5.4  -10 1.17 5.3
T diel39  -10 1.15 5.3  -10 1.15 5.4  -10 1.17 5.4
T diel39  -10 1.15 5.4  -10 1.17 5.5  -10 1.17 5.4
T diel39  -10 1.15 5.4  -10 1.15 5.5  -10 1.17 5.5
T diel39  -10 1.15 5.5  -10 1.17 5.6  -10 1.17 5.5
T diel39  -10 1.15 5.5  -10 1.15 5.6  -10 1.17 5.6
T diel39  -10 1.15 5.6  -10 1.17 5.7  -10 1.17 5.6
T diel39  -10 1.15 5.6  -10 1.15 5.7  -10 1.17 5.7
T diel39  -10 1.15 5.7  -10 1.17 5.8  -10 1.17 5.7
T diel39  -10 1.15 5.7  -10 1.15 5.8  -10 1.17 5.8
T diel39  -10 1.15 5.8  -10 1.17 5.9  -10 1.17 5.8
T diel39  -10 1.15 5.8  -10 1.15 5.9  -10 1.17 5.9
T diel39  -10 1.15 5.9  -10 1.17 6  -10 1.17 5.9
T diel39  -10 1.15 5.9  -10 1.15 6  -10 1.17 6
T diel39  -10 1.15 6  -10 1.17 6.1  -10 1.17 6
T diel39  -10 1.15 6  -10 1.15 6.1  -10 1.17 6.1
T diel39  -10 1.15 6.1  -10 1.17 6.2  -10 1.17 6.1
T diel39  -10 1.15 6.1  -10 1.15 6.2  -10 1.17 6.2
T diel39  -10 1.15 6.2  -10 1.17 6.3  -10 1.17 6.2
T diel39  -10 1.15 6.2  -10 1.15 6.3  -10 1.17 6.3
T diel39  -10 1.15 6.3  -10 1.17 6.4  -10 1.17 6.3
T diel39  -10 1.15 6.3  -10 1.15 6.4  -10 1.17 6.4
T diel39  -10 1.15 6.4  -10 1.17 6.5  -10 1.17 6.4
T diel39  -10 1.15 6.4  -10 1.15 6.5  -10 1.17 6.5
T diel39  -10 1.15 6.5  -10 1.17 6.6  -10 1.17 6.5
T diel39  -10 1.15 6.5  -10 1.15 6.6  -10 1.17 6.6
T diel39  -10 1.15 6.6  -10 1.17 6.7  -10 1.17 6.6
T diel39  -10 1.15 6.6  -10 1.15 6.7  -10 1.17 6.7
T diel39  -10 1.15 6.7  -10 1.17 6.8  -10 1.17 6.7
T diel39  -10 1.15 6.7  -10 1.15 6.8  -10 1.17 6.8
T diel39  -10 1.15 6.8  -10 1.17 6.9  -10 1.17 6.8
T diel39  -10 1.15 6.8  -10 1.15 6.9  -10 1.17 6.9
T diel39  -10 1.15 6.9  -10 1.17 7  -10 1.17 6.9
T diel39  -10 1.15 6.9  -10 1.15 7  -10 1.17 7
T diel39  -10 1.15 7  -10 1.17 7.1  -10 1.17 7
T diel39  -10 1.15 7  -10 1.15 7.1  -10 1.17 7.1
T diel39  -10 1.15 7.1  -10 1.17 7.2  -10 1.17 7.1
T diel39  -10 1.15 7.1  -10 1.15 7.2  -10 1.17 7.2
T diel39  -10 1.15 7.2  -10 1.17 7.3  -10 1.17 7.2
T diel39  -10 1.15 7.2  -10 1.15 7.3  -10 1.17 7.3
T diel39  -10 1.15 7.3  -10 1.17 7.4  -10 1.17 7.3
T diel39  -10 1.15 7.3  -10 1.15 7.4  -10 1.17 7.4
T diel39  -10 1.15 7.4  -10 1.17 7.5  -10 1.17 7.4
T diel39  -10 1.15 7.4  -10 1.15 7.5  -10 1.17 7.5
T diel39  -10 1.15 7.5  -10 1.17 7.6  -10 1.17 7.5
T diel39  -10 1.15 7.5  -10 1.15 7.6  -10 1.17 7.6
T diel39  -10 1.15 7.6  -10 1.17 7.7  -10 1.17 7.6
T diel39  -10 1.15 7.6  -10 1.15 7.7  -10 1.17 7.7
T diel39  -10 1.15 7.7  -10 1.17 7.8  -10 1.17 7.7
T diel39  -10 1.15 7.7  -10 1.15 7.8  -10 1.17 7.8
T diel39  -10 1.15 7.8  -10 1.17 7.9  -10 1.17 7.8
T diel39  -10 1.15 7.8  -10 1.15 7.9  -10 1.17 7.9
T diel39  -10 1.15 7.9  -10 1.17 8  -10 1.17 7.9
T diel39  -10 1.15 7.9  -10 1.15 8  -10 1.17 8
T diel39  -10 1.15 8  -10 1.17 8.1  -10 1.17 8
T diel39  -10 1.15 8  -10 1.15 8.1  -10 1.17 8.1
T diel39  -10 1.15 8.1  -10 1.17 8.2  -10 1.17 8.1
T diel39  -10 1.15 8.1  -10 1.15 8.2  -10 1.17 8.2
T diel39  -10 1.15 8.2  -10 1.17 8.3  -10 1.17 8.2
T diel39  -10 1.15 8.2  -10 1.15 8.3  -10 1.17 8.3
T diel39  -10 1.15 8.3  -10 1.17 8.4  -10 1.17 8.3
T diel39  -10 1.15 8.3  -10 1.15 8.4  -10 1.17 8.4
T diel39  -10 1.15 8.4  -10 1.17 8.5  -10 1.17 8.4
T diel39  -10 1.15 8.4  -10 1.15 8.5  -10 1.17 8.5
T diel39  -10 1.15 8.5  -10 1.17 8.6  -10 1.17 8.5
T diel39  -10 1.15 8.5  -10 1.15 8.6  -10 1.17 8.6
T diel39  -10 1.15 8.6  -10 1.17 8.7  -10 1.17 8.6
T diel39  -10 1.15 8.6  -10 1.15 8.7  -10 1.17 8.7
T diel39  -10 1.15 8.7  -10 1.17 8.8  -10 1.17 8.7
T diel39  -10 1.15 8.7  -10 1.15 8.8  -10 1.17 8.8
T diel39  -10 1.15 8.8  -10 1.17 8.9  -10 1.17 8.8
T diel39  -10 1.15 8.8  -10 1.15 8.9  -10 1.17 8.9
T diel39  -10 1.15 8.9  -10 1.17 9  -10 1.17 8.9
T diel39  -10 1.15 8.9  -10 1.15 9  -10 1.17 9
T diel39  -10 1.15 9  -10 1.17 9.1  -10 1.17 9
T diel39  -10 1.15 9  -10 1.15 9.1  -10 1.17 9.1
T diel39  -10 1.15 9.1  -10 1.17 9.2  -10 1.17 9.1
T diel39  -10 1.15 9.1  -10 1.15 9.2  -10 1.17 9.2
T diel39  -10 1.15 9.2  -10 1.17 9.3  -10 1.17 9.2
T diel39  -10 1.15 9.2  -10 1.15 9.3  -10 1.17 9.3
T diel39  -10 1.15 9.3  -10 1.17 9.4  -10 1.17 9.3
T diel39  -10 1.15 9.3  -10 1.15 9.4  -10 1.17 9.4
T diel39  -10 1.15 9.4  -10 1.17 9.5  -10 1.17 9.4
T diel39  -10 1.15 9.4  -10 1.15 9.5  -10 1.17 9.5
T diel39  -10 1.15 9.5  -10 1.17 9.6  -10 1.17 9.5
T diel39  -10 1.15 9.5  -10 1.15 9.6  -10 1.17 9.6
T diel39  -10 1.15 9.6  -10 1.17 9.7  -10 1.17 9.6
T diel39  -10 1.15 9.6  -10 1.15 9.7  -10 1.17 9.7
T diel39  -10 1.15 9.7  -10 1.17 9.8  -10 1.17 9.7
T diel39  -10 1.15 9.7  -10 1.15 9.8  -10 1.17 9.8
T diel39  -10 1.15 9.8  -10 1.17 9.9  -10 1.17 9.8
T diel39  -10 1.15 9.8  -10 1.15 9.9  -10 1.17 9.9
T diel39  -10 1.15 9.9  -10 1.17 10  -10 1.17 9.9
T diel39  -10 1.15 9.9  -10 1.15 10  -10 1.17 10
T diel39  -5 1.17 0  -4.9 1.15 0  -5 1.15 0
T diel39  -5 1.17 0  -4.9 1.17 0  -4.9 1.15 0
T diel39  -4.9 1.17 0  -4.8 1.15 0  -4.9 1.15 0
T diel39  -4.9 1.17 0  -4.8 1.17 0  -4.8 1.15 0
T diel39  -4.8 1.17 0  -4.7 1.15 0  -4.8 1.15 0
T diel39  -4.8 1.17 0  -4.7 1.17 0  -4.7 1.15 0
T diel39  -4.7 1.17 0  -4.6 1.15 0  -4.7 1.15 0
T diel39  -4.7 1.17 0  -4.6 1.17 0  -4.6 1.15 0
T diel39  -4.6 1.17 0  -4.5 1.15 0  -4.6 1.15 0
T diel39  -4.6 1.17 0  -4.5 1.17 0  -4.5 1.15 0
T diel39  -4.5 1.17 0  -4.4 1.15 0  -4.5 1.15 0
T diel39  -4.5 1.17 0  -4.4 1.17 0  -4.4 1.15 0
T diel39  -4.4 1.17 0  -4.3 1.15 0  -4.4 1.15 0
T diel39  -4.4 1.17 0  -4.3 1.17 0  -4.3 1.15 0
T diel39  -4.3 1.17 0  -4.2 1.15 0  -4.3 1.15 0
T diel39  -4.3 1.17 0  -4.2 1.17 0  -4.2 1.15 0
T diel39  -4.2 1.17 0  -4.1 1.15 0  -4.2 1.15 0
T diel39  -4.2 1.17 0  -4.1 1.17 0  -4.1 1.15 0
T diel39  -4.1 1.17 0  -4 1.15 0  -4.1 1.15 0
T diel39  -4.1 1.17 0  -4 1.17 0  -4 1.15 0
T diel39  -4 1.17 0  -3.9 1.15 0  -4 1.15 0
T diel39  -4 1.17 0  -3.9 1.17 0  -3.9 1.15 0
T diel39  -3.9 1.17 0  -3.8 1.15 0  -3.9 1.15 0
T diel39  -3.9 1.17 0  -3.8 1.17 0  -3.8 1.15 0
T diel39  -3.8 1.17 0  -3.7 1.15 0  -3.8 1.15 0
T diel39  -3.8 1.17 0  -3.7 1.17 0  -3.7 1.15 0
T diel39  -3.7 1.17 0  -3.6 1.15 0  -3.7 1.15 0
T diel39  -3.7 1.17 0  -3.6 1.17 0  -3.6 1.15 0
T diel39  -3.6 1.17 0  -3.5 1.15 0  -3.6 1.15 0
T diel39  -3.6 1.17 0  -3.5 1.17 0  -3.5 1.15 0
T diel39  -3.5 1.17 0  -3.4 1.15 0  -3.5 1.15 0
T diel39  -3.5 1.17 0  -3.4 1.17 0  -3.4 1.15 0
T diel39  -3.4 1.17 0  -3.3 1.15 0  -3.4 1.15 0
T diel39  -3.4 1.17 0  -3.3 1.17 0  -3.3 1.15 0
T diel39  -3.3 1.17 0  -3.2 1.15 0  -3.3 1.15 0
T diel39  -3.3 1.17 0  -3.2 1.17 0  -3.2 1.15 0
T diel39  -3.2 1.17 0  -3.1 1.15 0  -3.2 1.15 0
T diel39  -3.2 1.17 0  -3.1 1.17 0  -3.1 1.15 0
T diel39  -3.1 1.17 0  -3 1.15 0  -3.1 1.15 0
T diel39  -3.1 1.17 0  -3 1.17 0  -3 1.15 0
T diel39  -3 1.17 0  -2.9 1.15 0  -3 1.15 0
T diel39  -3 1.17 0  -2.9 1.17 0  -2.9 1.15 0
T diel39  -2.9 1.17 0  -2.8 1.15 0  -2.9 1.15 0
T diel39  -2.9 1.17 0  -2.8 1.17 0  -2.8 1.15 0
T diel39  -2.8 1.17 0  -2.7 1.15 0  -2.8 1.15 0
T diel39  -2.8 1.17 0  -2.7 1.17 0  -2.7 1.15 0
T diel39  -2.7 1.17 0  -2.6 1.15 0  -2.7 1.15 0
T diel39  -2.7 1.17 0  -2.6 1.17 0  -2.6 1.15 0
T diel39  -2.6 1.17 0  -2.5 1.15 0  -2.6 1.15 0
T diel39  -2.6 1.17 0  -2.5 1.17 0  -2.5 1.15 0
T diel39  -2.5 1.17 0  -2.4 1.15 0  -2.5 1.15 0
T diel39  -2.5 1.17 0  -2.4 1.17 0  -2.4 1.15 0
T diel39  -2.4 1.17 0  -2.3 1.15 0  -2.4 1.15 0
T diel39  -2.4 1.17 0  -2.3 1.17 0  -2.3 1.15 0
T diel39  -2.3 1.17 0  -2.2 1.15 0  -2.3 1.15 0
T diel39  -2.3 1.17 0  -2.2 1.17 0  -2.2 1.15 0
T diel39  -2.2 1.17 0  -2.1 1.15 0  -2.2 1.15 0
T diel39  -2.2 1.17 0  -2.1 1.17 0  -2.1 1.15 0
T diel39  -2.1 1.17 0  -2 1.15 0  -2.1 1.15 0
T diel39  -2.1 1.17 0  -2 1.17 0  -2 1.15 0
T diel39  -2 1.17 0  -1.9 1.15 0  -2 1.15 0
T diel39  -2 1.17 0  -1.9 1.17 0  -1.9 1.15 0
T diel39  -1.9 1.17 0  -1.8 1.15 0  -1.9 1.15 0
T diel39  -1.9 1.17 0  -1.8 1.17 0  -1.8 1.15 0
T diel39  -1.8 1.17 0  -1.7 1.15 0  -1.8 1.15 0
T diel39  -1.8 1.17 0  -1.7 1.17 0  -1.7 1.15 0
T diel39  -1.7 1.17 0  -1.6 1.15 0  -1.7 1.15 0
T diel39  -1.7 1.17 0  -1.6 1.17 0  -1.6 1.15 0
T diel39  -1.6 1.17 0  -1.5 1.15 0  -1.6 1.15 0
T diel39  -1.6 1.17 0  -1.5 1.17 0  -1.5 1.15 0
T diel39  -1.5 1.17 0  -1.4 1.15 0  -1.5 1.15 0
T diel39  -1.5 1.17 0  -1.4 1.17 0  -1.4 1.15 0
T diel39  -1.4 1.17 0  -1.3 1.15 0  -1.4 1.15 0
T diel39  -1.4 1.17 0  -1.3 1.17 0  -1.3 1.15 0
T diel39  -1.3 1.17 0  -1.2 1.15 0  -1.3 1.15 0
T diel39  -1.3 1.17 0  -1.2 1.17 0  -1.2 1.15 0
T diel39  -1.2 1.17 0  -1.1 1.15 0  -1.2 1.15 0
T diel39  -1.2 1.17 0  -1.1 1.17 0  -1.1 1.15 0
T diel39  -1.1 1.17 0  -1 1.15 0  -1.1 1.15 0
T diel39  -1.1 1.17 0  -1 1.17 0  -1 1.15 0
T diel39  -1 1.17 0  -0.9 1.15 0  -1 1.15 0
T diel39  -1 1.17 0  -0.9 1.17 0  -0.9 1.15 0
T diel39  -0.9 1.17 0  -0.8 1.15 0  -0.9 1.15 0
T diel39  -0.9 1.17 0  -0.8 1.17 0  -0.8 1.15 0
T diel39  -0.8 1.17 0  -0.7 1.15 0  -0.8 1.15 0
T diel39  -0.8 1.17 0  -0.7 1.17 0  -0.7 1.15 0
T diel39  -0.7 1.17 0  -0.6 1.15 0  -0.7 1.15 0
T diel39  -0.7 1.17 0  -0.6 1.17 0  -0.6 1.15 0
T diel39  -0.6 1.17 0  -0.5 1.15 0  -0.6 1.15 0
T diel39  -0.6 1.17 0  -0.5 1.17 0  -0.5 1.15 0
T diel39  -0.5 1.17 0  -0.4 1.15 0  -0.5 1.15 0
T diel39  -0.5 1.17 0  -0.4 1.17 0  -0.4 1.15 0
T diel39  -0.4 1.17 0  -0.3 1.15 0  -0.4 1.15 0
T diel39  -0.4 1.17 0  -0.3 1.17 0  -0.3 1.15 0
T diel39  -0.3 1.17 0  -0.2 1.15 0  -0.3 1.15 0
T diel39  -0.3 1.17 0  -0.2 1.17 0  -0.2 1.15 0
T diel39  -0.2 1.17 0  -0.1 1.15 0  -0.2 1.15 0
T diel39  -0.2 1.17 0  -0.1 1.17 0  -0.1 1.15 0
T diel39  -0.1 1.17 0  -1.87905e-014 1.15 0  -0.1 1.15 0
T diel39  -0.1 1.17 0  -1.87905e-014 1.17 0  -1.87905e-014 1.15 0
T diel39  -10 1.15 10  -10 1.17 10.1  -10 1.17 10
T diel39  -10 1.15 10  -10 1.15 10.1  -10 1.17 10.1
T diel39  -10 1.15 10.1  -10 1.17 10.2  -10 1.17 10.1
T diel39  -10 1.15 10.1  -10 1.15 10.2  -10 1.17 10.2
T diel39  -10 1.15 10.2  -10 1.17 10.3  -10 1.17 10.2
T diel39  -10 1.15 10.2  -10 1.15 10.3  -10 1.17 10.3
T diel39  -10 1.15 10.3  -10 1.17 10.4  -10 1.17 10.3
T diel39  -10 1.15 10.3  -10 1.15 10.4  -10 1.17 10.4
T diel39  -10 1.15 10.4  -10 1.17 10.5  -10 1.17 10.4
T diel39  -10 1.15 10.4  -10 1.15 10.5  -10 1.17 10.5
T diel39  -10 1.15 10.5  -10 1.17 10.6  -10 1.17 10.5
T diel39  -10 1.15 10.5  -10 1.15 10.6  -10 1.17 10.6
T diel39  -10 1.15 10.6  -10 1.17 10.7  -10 1.17 10.6
T diel39  -10 1.15 10.6  -10 1.15 10.7  -10 1.17 10.7
T diel39  -10 1.15 10.7  -10 1.17 10.8  -10 1.17 10.7
T diel39  -10 1.15 10.7  -10 1.15 10.8  -10 1.17 10.8
T diel39  -10 1.15 10.8  -10 1.17 10.9  -10 1.17 10.8
T diel39  -10 1.15 10.8  -10 1.15 10.9  -10 1.17 10.9
T diel39  -10 1.15 10.9  -10 1.17 11  -10 1.17 10.9
T diel39  -10 1.15 10.9  -10 1.15 11  -10 1.17 11
T diel39  -10 1.15 11  -10 1.17 11.1  -10 1.17 11
T diel39  -10 1.15 11  -10 1.15 11.1  -10 1.17 11.1
T diel39  -10 1.15 11.1  -10 1.17 11.2  -10 1.17 11.1
T diel39  -10 1.15 11.1  -10 1.15 11.2  -10 1.17 11.2
T diel39  -10 1.15 11.2  -10 1.17 11.3  -10 1.17 11.2
T diel39  -10 1.15 11.2  -10 1.15 11.3  -10 1.17 11.3
T diel39  -10 1.15 11.3  -10 1.17 11.4  -10 1.17 11.3
T diel39  -10 1.15 11.3  -10 1.15 11.4  -10 1.17 11.4
T diel39  -10 1.15 11.4  -10 1.17 11.5  -10 1.17 11.4
T diel39  -10 1.15 11.4  -10 1.15 11.5  -10 1.17 11.5
T diel39  -10 1.15 11.5  -10 1.17 11.6  -10 1.17 11.5
T diel39  -10 1.15 11.5  -10 1.15 11.6  -10 1.17 11.6
T diel39  -10 1.15 11.6  -10 1.17 11.7  -10 1.17 11.6
T diel39  -10 1.15 11.6  -10 1.15 11.7  -10 1.17 11.7
T diel39  -10 1.15 11.7  -10 1.17 11.8  -10 1.17 11.7
T diel39  -10 1.15 11.7  -10 1.15 11.8  -10 1.17 11.8
T diel39  -10 1.15 11.8  -10 1.17 11.9  -10 1.17 11.8
T diel39  -10 1.15 11.8  -10 1.15 11.9  -10 1.17 11.9
T diel39  -10 1.15 11.9  -10 1.17 12  -10 1.17 11.9
T diel39  -10 1.15 11.9  -10 1.15 12  -10 1.17 12
T diel39  -10 1.15 12  -10 1.17 12.1  -10 1.17 12
T diel39  -10 1.15 12  -10 1.15 12.1  -10 1.17 12.1
T diel39  -10 1.15 12.1  -10 1.17 12.2  -10 1.17 12.1
T diel39  -10 1.15 12.1  -10 1.15 12.2  -10 1.17 12.2
T diel39  -10 1.15 12.2  -10 1.17 12.3  -10 1.17 12.2
T diel39  -10 1.15 12.2  -10 1.15 12.3  -10 1.17 12.3
T diel39  -10 1.15 12.3  -10 1.17 12.4  -10 1.17 12.3
T diel39  -10 1.15 12.3  -10 1.15 12.4  -10 1.17 12.4
T diel39  -10 1.15 12.4  -10 1.17 12.5  -10 1.17 12.4
T diel39  -10 1.15 12.4  -10 1.15 12.5  -10 1.17 12.5
T diel39  -10 1.15 12.5  -10 1.17 12.6  -10 1.17 12.5
T diel39  -10 1.15 12.5  -10 1.15 12.6  -10 1.17 12.6
T diel39  -10 1.15 12.6  -10 1.17 12.7  -10 1.17 12.6
T diel39  -10 1.15 12.6  -10 1.15 12.7  -10 1.17 12.7
T diel39  -10 1.15 12.7  -10 1.17 12.8  -10 1.17 12.7
T diel39  -10 1.15 12.7  -10 1.15 12.8  -10 1.17 12.8
T diel39  -10 1.15 12.8  -10 1.17 12.9  -10 1.17 12.8
T diel39  -10 1.15 12.8  -10 1.15 12.9  -10 1.17 12.9
T diel39  -10 1.15 12.9  -10 1.17 13  -10 1.17 12.9
T diel39  -10 1.15 12.9  -10 1.15 13  -10 1.17 13
T diel39  -10 1.15 13  -10 1.17 13.1  -10 1.17 13
T diel39  -10 1.15 13  -10 1.15 13.1  -10 1.17 13.1
T diel39  -10 1.15 13.1  -10 1.17 13.2  -10 1.17 13.1
T diel39  -10 1.15 13.1  -10 1.15 13.2  -10 1.17 13.2
T diel39  -10 1.15 13.2  -10 1.17 13.3  -10 1.17 13.2
T diel39  -10 1.15 13.2  -10 1.15 13.3  -10 1.17 13.3
T diel39  -10 1.15 13.3  -10 1.17 13.4  -10 1.17 13.3
T diel39  -10 1.15 13.3  -10 1.15 13.4  -10 1.17 13.4
T diel39  -10 1.15 13.4  -10 1.17 13.5  -10 1.17 13.4
T diel39  -10 1.15 13.4  -10 1.15 13.5  -10 1.17 13.5
T diel39  -10 1.15 13.5  -10 1.17 13.6  -10 1.17 13.5
T diel39  -10 1.15 13.5  -10 1.15 13.6  -10 1.17 13.6
T diel39  -10 1.15 13.6  -10 1.17 13.7  -10 1.17 13.6
T diel39  -10 1.15 13.6  -10 1.15 13.7  -10 1.17 13.7
T diel39  -10 1.15 13.7  -10 1.17 13.8  -10 1.17 13.7
T diel39  -10 1.15 13.7  -10 1.15 13.8  -10 1.17 13.8
T diel39  -10 1.15 13.8  -10 1.17 13.9  -10 1.17 13.8
T diel39  -10 1.15 13.8  -10 1.15 13.9  -10 1.17 13.9
T diel39  -10 1.15 13.9  -10 1.17 14  -10 1.17 13.9
T diel39  -10 1.15 13.9  -10 1.15 14  -10 1.17 14
T diel39  -10 1.15 14  -10 1.17 14.1  -10 1.17 14
T diel39  -10 1.15 14  -10 1.15 14.1  -10 1.17 14.1
T diel39  -10 1.15 14.1  -10 1.17 14.2  -10 1.17 14.1
T diel39  -10 1.15 14.1  -10 1.15 14.2  -10 1.17 14.2
T diel39  -10 1.15 14.2  -10 1.17 14.3  -10 1.17 14.2
T diel39  -10 1.15 14.2  -10 1.15 14.3  -10 1.17 14.3
T diel39  -10 1.15 14.3  -10 1.17 14.4  -10 1.17 14.3
T diel39  -10 1.15 14.3  -10 1.15 14.4  -10 1.17 14.4
T diel39  -10 1.15 14.4  -10 1.17 14.5  -10 1.17 14.4
T diel39  -10 1.15 14.4  -10 1.15 14.5  -10 1.17 14.5
T diel39  -10 1.15 14.5  -10 1.17 14.6  -10 1.17 14.5
T diel39  -10 1.15 14.5  -10 1.15 14.6  -10 1.17 14.6
T diel39  -10 1.15 14.6  -10 1.17 14.7  -10 1.17 14.6
T diel39  -10 1.15 14.6  -10 1.15 14.7  -10 1.17 14.7
T diel39  -10 1.15 14.7  -10 1.17 14.8  -10 1.17 14.7
T diel39  -10 1.15 14.7  -10 1.15 14.8  -10 1.17 14.8
T diel39  -10 1.15 14.8  -10 1.17 14.9  -10 1.17 14.8
T diel39  -10 1.15 14.8  -10 1.15 14.9  -10 1.17 14.9
T diel39  -10 1.15 14.9  -10 1.17 15  -10 1.17 14.9
T diel39  -10 1.15 14.9  -10 1.15 15  -10 1.17 15
T diel39  -10 1.15 15  -10 1.17 15.1  -10 1.17 15
T diel39  -10 1.15 15  -10 1.15 15.1  -10 1.17 15.1
T diel39  -10 1.15 15.1  -10 1.17 15.2  -10 1.17 15.1
T diel39  -10 1.15 15.1  -10 1.15 15.2  -10 1.17 15.2
T diel39  -10 1.15 15.2  -10 1.17 15.3  -10 1.17 15.2
T diel39  -10 1.15 15.2  -10 1.15 15.3  -10 1.17 15.3
T diel39  -10 1.15 15.3  -10 1.17 15.4  -10 1.17 15.3
T diel39  -10 1.15 15.3  -10 1.15 15.4  -10 1.17 15.4
T diel39  -10 1.15 15.4  -10 1.17 15.5  -10 1.17 15.4
T diel39  -10 1.15 15.4  -10 1.15 15.5  -10 1.17 15.5
T diel39  -10 1.15 15.5  -10 1.17 15.6  -10 1.17 15.5
T diel39  -10 1.15 15.5  -10 1.15 15.6  -10 1.17 15.6
T diel39  -10 1.15 15.6  -10 1.17 15.7  -10 1.17 15.6
T diel39  -10 1.15 15.6  -10 1.15 15.7  -10 1.17 15.7
T diel39  -10 1.15 15.7  -10 1.17 15.8  -10 1.17 15.7
T diel39  -10 1.15 15.7  -10 1.15 15.8  -10 1.17 15.8
T diel39  -10 1.15 15.8  -10 1.17 15.9  -10 1.17 15.8
T diel39  -10 1.15 15.8  -10 1.15 15.9  -10 1.17 15.9
T diel39  -10 1.15 15.9  -10 1.17 16  -10 1.17 15.9
T diel39  -10 1.15 15.9  -10 1.15 16  -10 1.17 16
T diel39  -10 1.15 16  -10 1.17 16.1  -10 1.17 16
T diel39  -10 1.15 16  -10 1.15 16.1  -10 1.17 16.1
T diel39  -10 1.15 16.1  -10 1.17 16.2  -10 1.17 16.1
T diel39  -10 1.15 16.1  -10 1.15 16.2  -10 1.17 16.2
T diel39  -10 1.15 16.2  -10 1.17 16.3  -10 1.17 16.2
T diel39  -10 1.15 16.2  -10 1.15 16.3  -10 1.17 16.3
T diel39  -10 1.15 16.3  -10 1.17 16.4  -10 1.17 16.3
T diel39  -10 1.15 16.3  -10 1.15 16.4  -10 1.17 16.4
T diel39  -10 1.15 16.4  -10 1.17 16.5  -10 1.17 16.4
T diel39  -10 1.15 16.4  -10 1.15 16.5  -10 1.17 16.5
T diel39  -10 1.15 16.5  -10 1.17 16.6  -10 1.17 16.5
T diel39  -10 1.15 16.5  -10 1.15 16.6  -10 1.17 16.6
T diel39  -10 1.15 16.6  -10 1.17 16.7  -10 1.17 16.6
T diel39  -10 1.15 16.6  -10 1.15 16.7  -10 1.17 16.7
T diel39  -10 1.15 16.7  -10 1.17 16.8  -10 1.17 16.7
T diel39  -10 1.15 16.7  -10 1.15 16.8  -10 1.17 16.8
T diel39  -10 1.15 16.8  -10 1.17 16.9  -10 1.17 16.8
T diel39  -10 1.15 16.8  -10 1.15 16.9  -10 1.17 16.9
T diel39  -10 1.15 16.9  -10 1.17 17  -10 1.17 16.9
T diel39  -10 1.15 16.9  -10 1.15 17  -10 1.17 17
T diel39  -10 1.15 17  -10 1.17 17.1  -10 1.17 17
T diel39  -10 1.15 17  -10 1.15 17.1  -10 1.17 17.1
T diel39  -10 1.15 17.1  -10 1.17 17.2  -10 1.17 17.1
T diel39  -10 1.15 17.1  -10 1.15 17.2  -10 1.17 17.2
T diel39  -10 1.15 17.2  -10 1.17 17.3  -10 1.17 17.2
T diel39  -10 1.15 17.2  -10 1.15 17.3  -10 1.17 17.3
T diel39  -10 1.15 17.3  -10 1.17 17.4  -10 1.17 17.3
T diel39  -10 1.15 17.3  -10 1.15 17.4  -10 1.17 17.4
T diel39  -10 1.15 17.4  -10 1.17 17.5  -10 1.17 17.4
T diel39  -10 1.15 17.4  -10 1.15 17.5  -10 1.17 17.5
T diel39  -10 1.15 17.5  -10 1.17 17.6  -10 1.17 17.5
T diel39  -10 1.15 17.5  -10 1.15 17.6  -10 1.17 17.6
T diel39  -10 1.15 17.6  -10 1.17 17.7  -10 1.17 17.6
T diel39  -10 1.15 17.6  -10 1.15 17.7  -10 1.17 17.7
T diel39  -10 1.15 17.7  -10 1.17 17.8  -10 1.17 17.7
T diel39  -10 1.15 17.7  -10 1.15 17.8  -10 1.17 17.8
T diel39  -10 1.15 17.8  -10 1.17 17.9  -10 1.17 17.8
T diel39  -10 1.15 17.8  -10 1.15 17.9  -10 1.17 17.9
T diel39  -10 1.15 17.9  -10 1.17 18  -10 1.17 17.9
T diel39  -10 1.15 17.9  -10 1.15 18  -10 1.17 18
T diel39  -10 1.15 18  -10 1.17 18.1  -10 1.17 18
T diel39  -10 1.15 18  -10 1.15 18.1  -10 1.17 18.1
T diel39  -10 1.15 18.1  -10 1.17 18.2  -10 1.17 18.1
T diel39  -10 1.15 18.1  -10 1.15 18.2  -10 1.17 18.2
T diel39  -10 1.15 18.2  -10 1.17 18.3  -10 1.17 18.2
T diel39  -10 1.15 18.2  -10 1.15 18.3  -10 1.17 18.3
T diel39  -10 1.15 18.3  -10 1.17 18.4  -10 1.17 18.3
T diel39  -10 1.15 18.3  -10 1.15 18.4  -10 1.17 18.4
T diel39  -10 1.15 18.4  -10 1.17 18.5  -10 1.17 18.4
T diel39  -10 1.15 18.4  -10 1.15 18.5  -10 1.17 18.5
T diel39  -10 1.15 18.5  -10 1.17 18.6  -10 1.17 18.5
T diel39  -10 1.15 18.5  -10 1.15 18.6  -10 1.17 18.6
T diel39  -10 1.15 18.6  -10 1.17 18.7  -10 1.17 18.6
T diel39  -10 1.15 18.6  -10 1.15 18.7  -10 1.17 18.7
T diel39  -10 1.15 18.7  -10 1.17 18.8  -10 1.17 18.7
T diel39  -10 1.15 18.7  -10 1.15 18.8  -10 1.17 18.8
T diel39  -10 1.15 18.8  -10 1.17 18.9  -10 1.17 18.8
T diel39  -10 1.15 18.8  -10 1.15 18.9  -10 1.17 18.9
T diel39  -10 1.15 18.9  -10 1.17 19  -10 1.17 18.9
T diel39  -10 1.15 18.9  -10 1.15 19  -10 1.17 19
T diel39  -10 1.15 19  -10 1.17 19.1  -10 1.17 19
T diel39  -10 1.15 19  -10 1.15 19.1  -10 1.17 19.1
T diel39  -10 1.15 19.1  -10 1.17 19.2  -10 1.17 19.1
T diel39  -10 1.15 19.1  -10 1.15 19.2  -10 1.17 19.2
T diel39  -10 1.15 19.2  -10 1.17 19.3  -10 1.17 19.2
T diel39  -10 1.15 19.2  -10 1.15 19.3  -10 1.17 19.3
T diel39  -10 1.15 19.3  -10 1.17 19.4  -10 1.17 19.3
T diel39  -10 1.15 19.3  -10 1.15 19.4  -10 1.17 19.4
T diel39  -10 1.15 19.4  -10 1.17 19.5  -10 1.17 19.4
T diel39  -10 1.15 19.4  -10 1.15 19.5  -10 1.17 19.5
T diel39  -10 1.15 19.5  -10 1.17 19.6  -10 1.17 19.5
T diel39  -10 1.15 19.5  -10 1.15 19.6  -10 1.17 19.6
T diel39  -10 1.15 19.6  -10 1.17 19.7  -10 1.17 19.6
T diel39  -10 1.15 19.6  -10 1.15 19.7  -10 1.17 19.7
T diel39  -10 1.15 19.7  -10 1.17 19.8  -10 1.17 19.7
T diel39  -10 1.15 19.7  -10 1.15 19.8  -10 1.17 19.8
T diel39  -10 1.15 19.8  -10 1.17 19.9  -10 1.17 19.8
T diel39  -10 1.15 19.8  -10 1.15 19.9  -10 1.17 19.9
T diel39  -10 1.15 19.9  -10 1.17 20  -10 1.17 19.9
T diel39  -10 1.15 19.9  -10 1.15 20  -10 1.17 20
T diel39  -10 1.15 20  -9.9 1.17 20  -10 1.17 20
T diel39  -10 1.15 20  -9.9 1.15 20  -9.9 1.17 20
T diel39  -9.9 1.15 20  -9.8 1.17 20  -9.9 1.17 20
T diel39  -9.9 1.15 20  -9.8 1.15 20  -9.8 1.17 20
T diel39  -9.8 1.15 20  -9.7 1.17 20  -9.8 1.17 20
T diel39  -9.8 1.15 20  -9.7 1.15 20  -9.7 1.17 20
T diel39  -9.7 1.15 20  -9.6 1.17 20  -9.7 1.17 20
T diel39  -9.7 1.15 20  -9.6 1.15 20  -9.6 1.17 20
T diel39  -9.6 1.15 20  -9.5 1.17 20  -9.6 1.17 20
T diel39  -9.6 1.15 20  -9.5 1.15 20  -9.5 1.17 20
T diel39  -9.5 1.15 20  -9.4 1.17 20  -9.5 1.17 20
T diel39  -9.5 1.15 20  -9.4 1.15 20  -9.4 1.17 20
T diel39  -9.4 1.15 20  -9.3 1.17 20  -9.4 1.17 20
T diel39  -9.4 1.15 20  -9.3 1.15 20  -9.3 1.17 20
T diel39  -9.3 1.15 20  -9.2 1.17 20  -9.3 1.17 20
T diel39  -9.3 1.15 20  -9.2 1.15 20  -9.2 1.17 20
T diel39  -9.2 1.15 20  -9.1 1.17 20  -9.2 1.17 20
T diel39  -9.2 1.15 20  -9.1 1.15 20  -9.1 1.17 20
T diel39  -9.1 1.15 20  -9 1.17 20  -9.1 1.17 20
T diel39  -9.1 1.15 20  -9 1.15 20  -9 1.17 20
T diel39  -9 1.15 20  -8.9 1.17 20  -9 1.17 20
T diel39  -9 1.15 20  -8.9 1.15 20  -8.9 1.17 20
T diel39  -8.9 1.15 20  -8.8 1.17 20  -8.9 1.17 20
T diel39  -8.9 1.15 20  -8.8 1.15 20  -8.8 1.17 20
T diel39  -8.8 1.15 20  -8.7 1.17 20  -8.8 1.17 20
T diel39  -8.8 1.15 20  -8.7 1.15 20  -8.7 1.17 20
T diel39  -8.7 1.15 20  -8.6 1.17 20  -8.7 1.17 20
T diel39  -8.7 1.15 20  -8.6 1.15 20  -8.6 1.17 20
T diel39  -8.6 1.15 20  -8.5 1.17 20  -8.6 1.17 20
T diel39  -8.6 1.15 20  -8.5 1.15 20  -8.5 1.17 20
T diel39  -8.5 1.15 20  -8.4 1.17 20  -8.5 1.17 20
T diel39  -8.5 1.15 20  -8.4 1.15 20  -8.4 1.17 20
T diel39  -8.4 1.15 20  -8.3 1.17 20  -8.4 1.17 20
T diel39  -8.4 1.15 20  -8.3 1.15 20  -8.3 1.17 20
T diel39  -8.3 1.15 20  -8.2 1.17 20  -8.3 1.17 20
T diel39  -8.3 1.15 20  -8.2 1.15 20  -8.2 1.17 20
T diel39  -8.2 1.15 20  -8.1 1.17 20  -8.2 1.17 20
T diel39  -8.2 1.15 20  -8.1 1.15 20  -8.1 1.17 20
T diel39  -8.1 1.15 20  -8 1.17 20  -8.1 1.17 20
T diel39  -8.1 1.15 20  -8 1.15 20  -8 1.17 20
T diel39  -8 1.15 20  -7.9 1.17 20  -8 1.17 20
T diel39  -8 1.15 20  -7.9 1.15 20  -7.9 1.17 20
T diel39  -7.9 1.15 20  -7.8 1.17 20  -7.9 1.17 20
T diel39  -7.9 1.15 20  -7.8 1.15 20  -7.8 1.17 20
T diel39  -7.8 1.15 20  -7.7 1.17 20  -7.8 1.17 20
T diel39  -7.8 1.15 20  -7.7 1.15 20  -7.7 1.17 20
T diel39  -7.7 1.15 20  -7.6 1.17 20  -7.7 1.17 20
T diel39  -7.7 1.15 20  -7.6 1.15 20  -7.6 1.17 20
T diel39  -7.6 1.15 20  -7.5 1.17 20  -7.6 1.17 20
T diel39  -7.6 1.15 20  -7.5 1.15 20  -7.5 1.17 20
T diel39  -7.5 1.15 20  -7.4 1.17 20  -7.5 1.17 20
T diel39  -7.5 1.15 20  -7.4 1.15 20  -7.4 1.17 20
T diel39  -7.4 1.15 20  -7.3 1.17 20  -7.4 1.17 20
T diel39  -7.4 1.15 20  -7.3 1.15 20  -7.3 1.17 20
T diel39  -7.3 1.15 20  -7.2 1.17 20  -7.3 1.17 20
T diel39  -7.3 1.15 20  -7.2 1.15 20  -7.2 1.17 20
T diel39  -7.2 1.15 20  -7.1 1.17 20  -7.2 1.17 20
T diel39  -7.2 1.15 20  -7.1 1.15 20  -7.1 1.17 20
T diel39  -7.1 1.15 20  -7 1.17 20  -7.1 1.17 20
T diel39  -7.1 1.15 20  -7 1.15 20  -7 1.17 20
T diel39  -7 1.15 20  -6.9 1.17 20  -7 1.17 20
T diel39  -7 1.15 20  -6.9 1.15 20  -6.9 1.17 20
T diel39  -6.9 1.15 20  -6.8 1.17 20  -6.9 1.17 20
T diel39  -6.9 1.15 20  -6.8 1.15 20  -6.8 1.17 20
T diel39  -6.8 1.15 20  -6.7 1.17 20  -6.8 1.17 20
T diel39  -6.8 1.15 20  -6.7 1.15 20  -6.7 1.17 20
T diel39  -6.7 1.15 20  -6.6 1.17 20  -6.7 1.17 20
T diel39  -6.7 1.15 20  -6.6 1.15 20  -6.6 1.17 20
T diel39  -6.6 1.15 20  -6.5 1.17 20  -6.6 1.17 20
T diel39  -6.6 1.15 20  -6.5 1.15 20  -6.5 1.17 20
T diel39  -6.5 1.15 20  -6.4 1.17 20  -6.5 1.17 20
T diel39  -6.5 1.15 20  -6.4 1.15 20  -6.4 1.17 20
T diel39  -6.4 1.15 20  -6.3 1.17 20  -6.4 1.17 20
T diel39  -6.4 1.15 20  -6.3 1.15 20  -6.3 1.17 20
T diel39  -6.3 1.15 20  -6.2 1.17 20  -6.3 1.17 20
T diel39  -6.3 1.15 20  -6.2 1.15 20  -6.2 1.17 20
T diel39  -6.2 1.15 20  -6.1 1.17 20  -6.2 1.17 20
T diel39  -6.2 1.15 20  -6.1 1.15 20  -6.1 1.17 20
T diel39  -6.1 1.15 20  -6 1.17 20  -6.1 1.17 20
T diel39  -6.1 1.15 20  -6 1.15 20  -6 1.17 20
T diel39  -6 1.15 20  -5.9 1.17 20  -6 1.17 20
T diel39  -6 1.15 20  -5.9 1.15 20  -5.9 1.17 20
T diel39  -5.9 1.15 20  -5.8 1.17 20  -5.9 1.17 20
T diel39  -5.9 1.15 20  -5.8 1.15 20  -5.8 1.17 20
T diel39  -5.8 1.15 20  -5.7 1.17 20  -5.8 1.17 20
T diel39  -5.8 1.15 20  -5.7 1.15 20  -5.7 1.17 20
T diel39  -5.7 1.15 20  -5.6 1.17 20  -5.7 1.17 20
T diel39  -5.7 1.15 20  -5.6 1.15 20  -5.6 1.17 20
T diel39  -5.6 1.15 20  -5.5 1.17 20  -5.6 1.17 20
T diel39  -5.6 1.15 20  -5.5 1.15 20  -5.5 1.17 20
T diel39  -5.5 1.15 20  -5.4 1.17 20  -5.5 1.17 20
T diel39  -5.5 1.15 20  -5.4 1.15 20  -5.4 1.17 20
T diel39  -5.4 1.15 20  -5.3 1.17 20  -5.4 1.17 20
T diel39  -5.4 1.15 20  -5.3 1.15 20  -5.3 1.17 20
T diel39  -5.3 1.15 20  -5.2 1.17 20  -5.3 1.17 20
T diel39  -5.3 1.15 20  -5.2 1.15 20  -5.2 1.17 20
T diel39  -5.2 1.15 20  -5.1 1.17 20  -5.2 1.17 20
T diel39  -5.2 1.15 20  -5.1 1.15 20  -5.1 1.17 20
T diel39  -5.1 1.15 20  -5 1.17 20  -5.1 1.17 20
T diel39  -5.1 1.15 20  -5 1.15 20  -5 1.17 20
T diel39  -5 1.15 20  -4.9 1.17 20  -5 1.17 20
T diel39  -5 1.15 20  -4.9 1.15 20  -4.9 1.17 20
T diel39  -4.9 1.15 20  -4.8 1.17 20  -4.9 1.17 20
T diel39  -4.9 1.15 20  -4.8 1.15 20  -4.8 1.17 20
T diel39  -4.8 1.15 20  -4.7 1.17 20  -4.8 1.17 20
T diel39  -4.8 1.15 20  -4.7 1.15 20  -4.7 1.17 20
T diel39  -4.7 1.15 20  -4.6 1.17 20  -4.7 1.17 20
T diel39  -4.7 1.15 20  -4.6 1.15 20  -4.6 1.17 20
T diel39  -4.6 1.15 20  -4.5 1.17 20  -4.6 1.17 20
T diel39  -4.6 1.15 20  -4.5 1.15 20  -4.5 1.17 20
T diel39  -4.5 1.15 20  -4.4 1.17 20  -4.5 1.17 20
T diel39  -4.5 1.15 20  -4.4 1.15 20  -4.4 1.17 20
T diel39  -4.4 1.15 20  -4.3 1.17 20  -4.4 1.17 20
T diel39  -4.4 1.15 20  -4.3 1.15 20  -4.3 1.17 20
T diel39  -4.3 1.15 20  -4.2 1.17 20  -4.3 1.17 20
T diel39  -4.3 1.15 20  -4.2 1.15 20  -4.2 1.17 20
T diel39  -4.2 1.15 20  -4.1 1.17 20  -4.2 1.17 20
T diel39  -4.2 1.15 20  -4.1 1.15 20  -4.1 1.17 20
T diel39  -4.1 1.15 20  -4 1.17 20  -4.1 1.17 20
T diel39  -4.1 1.15 20  -4 1.15 20  -4 1.17 20
T diel39  -4 1.15 20  -3.9 1.17 20  -4 1.17 20
T diel39  -4 1.15 20  -3.9 1.15 20  -3.9 1.17 20
T diel39  -3.9 1.15 20  -3.8 1.17 20  -3.9 1.17 20
T diel39  -3.9 1.15 20  -3.8 1.15 20  -3.8 1.17 20
T diel39  -3.8 1.15 20  -3.7 1.17 20  -3.8 1.17 20
T diel39  -3.8 1.15 20  -3.7 1.15 20  -3.7 1.17 20
T diel39  -3.7 1.15 20  -3.6 1.17 20  -3.7 1.17 20
T diel39  -3.7 1.15 20  -3.6 1.15 20  -3.6 1.17 20
T diel39  -3.6 1.15 20  -3.5 1.17 20  -3.6 1.17 20
T diel39  -3.6 1.15 20  -3.5 1.15 20  -3.5 1.17 20
T diel39  -3.5 1.15 20  -3.4 1.17 20  -3.5 1.17 20
T diel39  -3.5 1.15 20  -3.4 1.15 20  -3.4 1.17 20
T diel39  -3.4 1.15 20  -3.3 1.17 20  -3.4 1.17 20
T diel39  -3.4 1.15 20  -3.3 1.15 20  -3.3 1.17 20
T diel39  -3.3 1.15 20  -3.2 1.17 20  -3.3 1.17 20
T diel39  -3.3 1.15 20  -3.2 1.15 20  -3.2 1.17 20
T diel39  -3.2 1.15 20  -3.1 1.17 20  -3.2 1.17 20
T diel39  -3.2 1.15 20  -3.1 1.15 20  -3.1 1.17 20
T diel39  -3.1 1.15 20  -3 1.17 20  -3.1 1.17 20
T diel39  -3.1 1.15 20  -3 1.15 20  -3 1.17 20
T diel39  -3 1.15 20  -2.9 1.17 20  -3 1.17 20
T diel39  -3 1.15 20  -2.9 1.15 20  -2.9 1.17 20
T diel39  -2.9 1.15 20  -2.8 1.17 20  -2.9 1.17 20
T diel39  -2.9 1.15 20  -2.8 1.15 20  -2.8 1.17 20
T diel39  -2.8 1.15 20  -2.7 1.17 20  -2.8 1.17 20
T diel39  -2.8 1.15 20  -2.7 1.15 20  -2.7 1.17 20
T diel39  -2.7 1.15 20  -2.6 1.17 20  -2.7 1.17 20
T diel39  -2.7 1.15 20  -2.6 1.15 20  -2.6 1.17 20
T diel39  -2.6 1.15 20  -2.5 1.17 20  -2.6 1.17 20
T diel39  -2.6 1.15 20  -2.5 1.15 20  -2.5 1.17 20
T diel39  -2.5 1.15 20  -2.4 1.17 20  -2.5 1.17 20
T diel39  -2.5 1.15 20  -2.4 1.15 20  -2.4 1.17 20
T diel39  -2.4 1.15 20  -2.3 1.17 20  -2.4 1.17 20
T diel39  -2.4 1.15 20  -2.3 1.15 20  -2.3 1.17 20
T diel39  -2.3 1.15 20  -2.2 1.17 20  -2.3 1.17 20
T diel39  -2.3 1.15 20  -2.2 1.15 20  -2.2 1.17 20
T diel39  -2.2 1.15 20  -2.1 1.17 20  -2.2 1.17 20
T diel39  -2.2 1.15 20  -2.1 1.15 20  -2.1 1.17 20
T diel39  -2.1 1.15 20  -2 1.17 20  -2.1 1.17 20
T diel39  -2.1 1.15 20  -2 1.15 20  -2 1.17 20
T diel39  -2 1.15 20  -1.9 1.17 20  -2 1.17 20
T diel39  -2 1.15 20  -1.9 1.15 20  -1.9 1.17 20
T diel39  -1.9 1.15 20  -1.8 1.17 20  -1.9 1.17 20
T diel39  -1.9 1.15 20  -1.8 1.15 20  -1.8 1.17 20
T diel39  -1.8 1.15 20  -1.7 1.17 20  -1.8 1.17 20
T diel39  -1.8 1.15 20  -1.7 1.15 20  -1.7 1.17 20
T diel39  -1.7 1.15 20  -1.6 1.17 20  -1.7 1.17 20
T diel39  -1.7 1.15 20  -1.6 1.15 20  -1.6 1.17 20
T diel39  -1.6 1.15 20  -1.5 1.17 20  -1.6 1.17 20
T diel39  -1.6 1.15 20  -1.5 1.15 20  -1.5 1.17 20
T diel39  -1.5 1.15 20  -1.4 1.17 20  -1.5 1.17 20
T diel39  -1.5 1.15 20  -1.4 1.15 20  -1.4 1.17 20
T diel39  -1.4 1.15 20  -1.3 1.17 20  -1.4 1.17 20
T diel39  -1.4 1.15 20  -1.3 1.15 20  -1.3 1.17 20
T diel39  -1.3 1.15 20  -1.2 1.17 20  -1.3 1.17 20
T diel39  -1.3 1.15 20  -1.2 1.15 20  -1.2 1.17 20
T diel39  -1.2 1.15 20  -1.1 1.17 20  -1.2 1.17 20
T diel39  -1.2 1.15 20  -1.1 1.15 20  -1.1 1.17 20
T diel39  -1.1 1.15 20  -1 1.17 20  -1.1 1.17 20
T diel39  -1.1 1.15 20  -1 1.15 20  -1 1.17 20
T diel39  -1 1.15 20  -0.9 1.17 20  -1 1.17 20
T diel39  -1 1.15 20  -0.9 1.15 20  -0.9 1.17 20
T diel39  -0.9 1.15 20  -0.8 1.17 20  -0.9 1.17 20
T diel39  -0.9 1.15 20  -0.8 1.15 20  -0.8 1.17 20
T diel39  -0.8 1.15 20  -0.7 1.17 20  -0.8 1.17 20
T diel39  -0.8 1.15 20  -0.7 1.15 20  -0.7 1.17 20
T diel39  -0.7 1.15 20  -0.6 1.17 20  -0.7 1.17 20
T diel39  -0.7 1.15 20  -0.6 1.15 20  -0.6 1.17 20
T diel39  -0.6 1.15 20  -0.5 1.17 20  -0.6 1.17 20
T diel39  -0.6 1.15 20  -0.5 1.15 20  -0.5 1.17 20
T diel39  -0.5 1.15 20  -0.4 1.17 20  -0.5 1.17 20
T diel39  -0.5 1.15 20  -0.4 1.15 20  -0.4 1.17 20
T diel39  -0.4 1.15 20  -0.3 1.17 20  -0.4 1.17 20
T diel39  -0.4 1.15 20  -0.3 1.15 20  -0.3 1.17 20
T diel39  -0.3 1.15 20  -0.2 1.17 20  -0.3 1.17 20
T diel39  -0.3 1.15 20  -0.2 1.15 20  -0.2 1.17 20
T diel39  -0.2 1.15 20  -0.1 1.17 20  -0.2 1.17 20
T diel39  -0.2 1.15 20  -0.1 1.15 20  -0.1 1.17 20
T diel39  -0.1 1.15 20  -1.87905e-014 1.17 20  -0.1 1.17 20
T diel39  -0.1 1.15 20  -1.87905e-014 1.15 20  -1.87905e-014 1.17 20
T diel39  -1.87905e-014 1.17 0  0.1 1.15 0  -1.87905e-014 1.15 0
T diel39  -1.87905e-014 1.17 0  0.1 1.17 0  0.1 1.15 0
T diel39  0.1 1.17 0  0.2 1.15 0  0.1 1.15 0
T diel39  0.1 1.17 0  0.2 1.17 0  0.2 1.15 0
T diel39  0.2 1.17 0  0.3 1.15 0  0.2 1.15 0
T diel39  0.2 1.17 0  0.3 1.17 0  0.3 1.15 0
T diel39  0.3 1.17 0  0.4 1.15 0  0.3 1.15 0
T diel39  0.3 1.17 0  0.4 1.17 0  0.4 1.15 0
T diel39  0.4 1.17 0  0.5 1.15 0  0.4 1.15 0
T diel39  0.4 1.17 0  0.5 1.17 0  0.5 1.15 0
T diel39  0.5 1.17 0  0.6 1.15 0  0.5 1.15 0
T diel39  0.5 1.17 0  0.6 1.17 0  0.6 1.15 0
T diel39  0.6 1.17 0  0.7 1.15 0  0.6 1.15 0
T diel39  0.6 1.17 0  0.7 1.17 0  0.7 1.15 0
T diel39  0.7 1.17 0  0.8 1.15 0  0.7 1.15 0
T diel39  0.7 1.17 0  0.8 1.17 0  0.8 1.15 0
T diel39  0.8 1.17 0  0.9 1.15 0  0.8 1.15 0
T diel39  0.8 1.17 0  0.9 1.17 0  0.9 1.15 0
T diel39  0.9 1.17 0  1 1.15 0  0.9 1.15 0
T diel39  0.9 1.17 0  1 1.17 0  1 1.15 0
T diel39  1 1.17 0  1.1 1.15 0  1 1.15 0
T diel39  1 1.17 0  1.1 1.17 0  1.1 1.15 0
T diel39  1.1 1.17 0  1.2 1.15 0  1.1 1.15 0
T diel39  1.1 1.17 0  1.2 1.17 0  1.2 1.15 0
T diel39  1.2 1.17 0  1.3 1.15 0  1.2 1.15 0
T diel39  1.2 1.17 0  1.3 1.17 0  1.3 1.15 0
T diel39  1.3 1.17 0  1.4 1.15 0  1.3 1.15 0
T diel39  1.3 1.17 0  1.4 1.17 0  1.4 1.15 0
T diel39  1.4 1.17 0  1.5 1.15 0  1.4 1.15 0
T diel39  1.4 1.17 0  1.5 1.17 0  1.5 1.15 0
T diel39  1.5 1.17 0  1.6 1.15 0  1.5 1.15 0
T diel39  1.5 1.17 0  1.6 1.17 0  1.6 1.15 0
T diel39  1.6 1.17 0  1.7 1.15 0  1.6 1.15 0
T diel39  1.6 1.17 0  1.7 1.17 0  1.7 1.15 0
T diel39  1.7 1.17 0  1.8 1.15 0  1.7 1.15 0
T diel39  1.7 1.17 0  1.8 1.17 0  1.8 1.15 0
T diel39  1.8 1.17 0  1.9 1.15 0  1.8 1.15 0
T diel39  1.8 1.17 0  1.9 1.17 0  1.9 1.15 0
T diel39  1.9 1.17 0  2 1.15 0  1.9 1.15 0
T diel39  1.9 1.17 0  2 1.17 0  2 1.15 0
T diel39  2 1.17 0  2.1 1.15 0  2 1.15 0
T diel39  2 1.17 0  2.1 1.17 0  2.1 1.15 0
T diel39  2.1 1.17 0  2.2 1.15 0  2.1 1.15 0
T diel39  2.1 1.17 0  2.2 1.17 0  2.2 1.15 0
T diel39  2.2 1.17 0  2.3 1.15 0  2.2 1.15 0
T diel39  2.2 1.17 0  2.3 1.17 0  2.3 1.15 0
T diel39  2.3 1.17 0  2.4 1.15 0  2.3 1.15 0
T diel39  2.3 1.17 0  2.4 1.17 0  2.4 1.15 0
T diel39  2.4 1.17 0  2.5 1.15 0  2.4 1.15 0
T diel39  2.4 1.17 0  2.5 1.17 0  2.5 1.15 0
T diel39  2.5 1.17 0  2.6 1.15 0  2.5 1.15 0
T diel39  2.5 1.17 0  2.6 1.17 0  2.6 1.15 0
T diel39  2.6 1.17 0  2.7 1.15 0  2.6 1.15 0
T diel39  2.6 1.17 0  2.7 1.17 0  2.7 1.15 0
T diel39  2.7 1.17 0  2.8 1.15 0  2.7 1.15 0
T diel39  2.7 1.17 0  2.8 1.17 0  2.8 1.15 0
T diel39  2.8 1.17 0  2.9 1.15 0  2.8 1.15 0
T diel39  2.8 1.17 0  2.9 1.17 0  2.9 1.15 0
T diel39  2.9 1.17 0  3 1.15 0  2.9 1.15 0
T diel39  2.9 1.17 0  3 1.17 0  3 1.15 0
T diel39  3 1.17 0  3.1 1.15 0  3 1.15 0
T diel39  3 1.17 0  3.1 1.17 0  3.1 1.15 0
T diel39  3.1 1.17 0  3.2 1.15 0  3.1 1.15 0
T diel39  3.1 1.17 0  3.2 1.17 0  3.2 1.15 0
T diel39  3.2 1.17 0  3.3 1.15 0  3.2 1.15 0
T diel39  3.2 1.17 0  3.3 1.17 0  3.3 1.15 0
T diel39  3.3 1.17 0  3.4 1.15 0  3.3 1.15 0
T diel39  3.3 1.17 0  3.4 1.17 0  3.4 1.15 0
T diel39  3.4 1.17 0  3.5 1.15 0  3.4 1.15 0
T diel39  3.4 1.17 0  3.5 1.17 0  3.5 1.15 0
T diel39  3.5 1.17 0  3.6 1.15 0  3.5 1.15 0
T diel39  3.5 1.17 0  3.6 1.17 0  3.6 1.15 0
T diel39  3.6 1.17 0  3.7 1.15 0  3.6 1.15 0
T diel39  3.6 1.17 0  3.7 1.17 0  3.7 1.15 0
T diel39  3.7 1.17 0  3.8 1.15 0  3.7 1.15 0
T diel39  3.7 1.17 0  3.8 1.17 0  3.8 1.15 0
T diel39  3.8 1.17 0  3.9 1.15 0  3.8 1.15 0
T diel39  3.8 1.17 0  3.9 1.17 0  3.9 1.15 0
T diel39  3.9 1.17 0  4 1.15 0  3.9 1.15 0
T diel39  3.9 1.17 0  4 1.17 0  4 1.15 0
T diel39  4 1.17 0  4.1 1.15 0  4 1.15 0
T diel39  4 1.17 0  4.1 1.17 0  4.1 1.15 0
T diel39  4.1 1.17 0  4.2 1.15 0  4.1 1.15 0
T diel39  4.1 1.17 0  4.2 1.17 0  4.2 1.15 0
T diel39  4.2 1.17 0  4.3 1.15 0  4.2 1.15 0
T diel39  4.2 1.17 0  4.3 1.17 0  4.3 1.15 0
T diel39  4.3 1.17 0  4.4 1.15 0  4.3 1.15 0
T diel39  4.3 1.17 0  4.4 1.17 0  4.4 1.15 0
T diel39  4.4 1.17 0  4.5 1.15 0  4.4 1.15 0
T diel39  4.4 1.17 0  4.5 1.17 0  4.5 1.15 0
T diel39  4.5 1.17 0  4.6 1.15 0  4.5 1.15 0
T diel39  4.5 1.17 0  4.6 1.17 0  4.6 1.15 0
T diel39  4.6 1.17 0  4.7 1.15 0  4.6 1.15 0
T diel39  4.6 1.17 0  4.7 1.17 0  4.7 1.15 0
T diel39  4.7 1.17 0  4.8 1.15 0  4.7 1.15 0
T diel39  4.7 1.17 0  4.8 1.17 0  4.8 1.15 0
T diel39  4.8 1.17 0  4.9 1.15 0  4.8 1.15 0
T diel39  4.8 1.17 0  4.9 1.17 0  4.9 1.15 0
T diel39  4.9 1.17 0  5 1.15 0  4.9 1.15 0
T diel39  4.9 1.17 0  5 1.17 0  5 1.15 0
T diel39  5 1.17 0  5.1 1.15 0  5 1.15 0
T diel39  5 1.17 0  5.1 1.17 0  5.1 1.15 0
T diel39  5.1 1.17 0  5.2 1.15 0  5.1 1.15 0
T diel39  5.1 1.17 0  5.2 1.17 0  5.2 1.15 0
T diel39  5.2 1.17 0  5.3 1.15 0  5.2 1.15 0
T diel39  5.2 1.17 0  5.3 1.17 0  5.3 1.15 0
T diel39  5.3 1.17 0  5.4 1.15 0  5.3 1.15 0
T diel39  5.3 1.17 0  5.4 1.17 0  5.4 1.15 0
T diel39  5.4 1.17 0  5.5 1.15 0  5.4 1.15 0
T diel39  5.4 1.17 0  5.5 1.17 0  5.5 1.15 0
T diel39  5.5 1.17 0  5.6 1.15 0  5.5 1.15 0
T diel39  5.5 1.17 0  5.6 1.17 0  5.6 1.15 0
T diel39  5.6 1.17 0  5.7 1.15 0  5.6 1.15 0
T diel39  5.6 1.17 0  5.7 1.17 0  5.7 1.15 0
T diel39  5.7 1.17 0  5.8 1.15 0  5.7 1.15 0
T diel39  5.7 1.17 0  5.8 1.17 0  5.8 1.15 0
T diel39  5.8 1.17 0  5.9 1.15 0  5.8 1.15 0
T diel39  5.8 1.17 0  5.9 1.17 0  5.9 1.15 0
T diel39  5.9 1.17 0  6 1.15 0  5.9 1.15 0
T diel39  5.9 1.17 0  6 1.17 0  6 1.15 0
T diel39  6 1.17 0  6.1 1.15 0  6 1.15 0
T diel39  6 1.17 0  6.1 1.17 0  6.1 1.15 0
T diel39  6.1 1.17 0  6.2 1.15 0  6.1 1.15 0
T diel39  6.1 1.17 0  6.2 1.17 0  6.2 1.15 0
T diel39  6.2 1.17 0  6.3 1.15 0  6.2 1.15 0
T diel39  6.2 1.17 0  6.3 1.17 0  6.3 1.15 0
T diel39  6.3 1.17 0  6.4 1.15 0  6.3 1.15 0
T diel39  6.3 1.17 0  6.4 1.17 0  6.4 1.15 0
T diel39  6.4 1.17 0  6.5 1.15 0  6.4 1.15 0
T diel39  6.4 1.17 0  6.5 1.17 0  6.5 1.15 0
T diel39  6.5 1.17 0  6.6 1.15 0  6.5 1.15 0
T diel39  6.5 1.17 0  6.6 1.17 0  6.6 1.15 0
T diel39  6.6 1.17 0  6.7 1.15 0  6.6 1.15 0
T diel39  6.6 1.17 0  6.7 1.17 0  6.7 1.15 0
T diel39  6.7 1.17 0  6.8 1.15 0  6.7 1.15 0
T diel39  6.7 1.17 0  6.8 1.17 0  6.8 1.15 0
T diel39  6.8 1.17 0  6.9 1.15 0  6.8 1.15 0
T diel39  6.8 1.17 0  6.9 1.17 0  6.9 1.15 0
T diel39  6.9 1.17 0  7 1.15 0  6.9 1.15 0
T diel39  6.9 1.17 0  7 1.17 0  7 1.15 0
T diel39  7 1.17 0  7.1 1.15 0  7 1.15 0
T diel39  7 1.17 0  7.1 1.17 0  7.1 1.15 0
T diel39  7.1 1.17 0  7.2 1.15 0  7.1 1.15 0
T diel39  7.1 1.17 0  7.2 1.17 0  7.2 1.15 0
T diel39  7.2 1.17 0  7.3 1.15 0  7.2 1.15 0
T diel39  7.2 1.17 0  7.3 1.17 0  7.3 1.15 0
T diel39  7.3 1.17 0  7.4 1.15 0  7.3 1.15 0
T diel39  7.3 1.17 0  7.4 1.17 0  7.4 1.15 0
T diel39  7.4 1.17 0  7.5 1.15 0  7.4 1.15 0
T diel39  7.4 1.17 0  7.5 1.17 0  7.5 1.15 0
T diel39  7.5 1.17 0  7.6 1.15 0  7.5 1.15 0
T diel39  7.5 1.17 0  7.6 1.17 0  7.6 1.15 0
T diel39  7.6 1.17 0  7.7 1.15 0  7.6 1.15 0
T diel39  7.6 1.17 0  7.7 1.17 0  7.7 1.15 0
T diel39  7.7 1.17 0  7.8 1.15 0  7.7 1.15 0
T diel39  7.7 1.17 0  7.8 1.17 0  7.8 1.15 0
T diel39  7.8 1.17 0  7.9 1.15 0  7.8 1.15 0
T diel39  7.8 1.17 0  7.9 1.17 0  7.9 1.15 0
T diel39  7.9 1.17 0  8 1.15 0  7.9 1.15 0
T diel39  7.9 1.17 0  8 1.17 0  8 1.15 0
T diel39  8 1.17 0  8.1 1.15 0  8 1.15 0
T diel39  8 1.17 0  8.1 1.17 0  8.1 1.15 0
T diel39  8.1 1.17 0  8.2 1.15 0  8.1 1.15 0
T diel39  8.1 1.17 0  8.2 1.17 0  8.2 1.15 0
T diel39  8.2 1.17 0  8.3 1.15 0  8.2 1.15 0
T diel39  8.2 1.17 0  8.3 1.17 0  8.3 1.15 0
T diel39  8.3 1.17 0  8.4 1.15 0  8.3 1.15 0
T diel39  8.3 1.17 0  8.4 1.17 0  8.4 1.15 0
T diel39  8.4 1.17 0  8.5 1.15 0  8.4 1.15 0
T diel39  8.4 1.17 0  8.5 1.17 0  8.5 1.15 0
T diel39  8.5 1.17 0  8.6 1.15 0  8.5 1.15 0
T diel39  8.5 1.17 0  8.6 1.17 0  8.6 1.15 0
T diel39  8.6 1.17 0  8.7 1.15 0  8.6 1.15 0
T diel39  8.6 1.17 0  8.7 1.17 0  8.7 1.15 0
T diel39  8.7 1.17 0  8.8 1.15 0  8.7 1.15 0
T diel39  8.7 1.17 0  8.8 1.17 0  8.8 1.15 0
T diel39  8.8 1.17 0  8.9 1.15 0  8.8 1.15 0
T diel39  8.8 1.17 0  8.9 1.17 0  8.9 1.15 0
T diel39  8.9 1.17 0  9 1.15 0  8.9 1.15 0
T diel39  8.9 1.17 0  9 1.17 0  9 1.15 0
T diel39  9 1.17 0  9.1 1.15 0  9 1.15 0
T diel39  9 1.17 0  9.1 1.17 0  9.1 1.15 0
T diel39  9.1 1.17 0  9.2 1.15 0  9.1 1.15 0
T diel39  9.1 1.17 0  9.2 1.17 0  9.2 1.15 0
T diel39  9.2 1.17 0  9.3 1.15 0  9.2 1.15 0
T diel39  9.2 1.17 0  9.3 1.17 0  9.3 1.15 0
T diel39  9.3 1.17 0  9.4 1.15 0  9.3 1.15 0
T diel39  9.3 1.17 0  9.4 1.17 0  9.4 1.15 0
T diel39  9.4 1.17 0  9.5 1.15 0  9.4 1.15 0
T diel39  9.4 1.17 0  9.5 1.17 0  9.5 1.15 0
T diel39  9.5 1.17 0  9.6 1.15 0  9.5 1.15 0
T diel39  9.5 1.17 0  9.6 1.17 0  9.6 1.15 0
T diel39  9.6 1.17 0  9.7 1.15 0  9.6 1.15 0
T diel39  9.6 1.17 0  9.7 1.17 0  9.7 1.15 0
T diel39  9.7 1.17 0  9.8 1.15 0  9.7 1.15 0
T diel39  9.7 1.17 0  9.8 1.17 0  9.8 1.15 0
T diel39  9.8 1.17 0  9.9 1.15 0  9.8 1.15 0
T diel39  9.8 1.17 0  9.9 1.17 0  9.9 1.15 0
T diel39  9.9 1.17 0  10 1.15 0  9.9 1.15 0
T diel39  9.9 1.17 0  10 1.17 0  10 1.15 0
T diel39  10 1.17 0  10 1.15 0.1  10 1.15 0
T diel39  10 1.17 0  10 1.17 0.1  10 1.15 0.1
T diel39  10 1.17 0.1  10 1.15 0.2  10 1.15 0.1
T diel39  10 1.17 0.1  10 1.17 0.2  10 1.15 0.2
T diel39  10 1.17 0.2  10 1.15 0.3  10 1.15 0.2
T diel39  10 1.17 0.2  10 1.17 0.3  10 1.15 0.3
T diel39  10 1.17 0.3  10 1.15 0.4  10 1.15 0.3
T diel39  10 1.17 0.3  10 1.17 0.4  10 1.15 0.4
T diel39  10 1.17 0.4  10 1.15 0.5  10 1.15 0.4
T diel39  10 1.17 0.4  10 1.17 0.5  10 1.15 0.5
T diel39  10 1.17 0.5  10 1.15 0.6  10 1.15 0.5
T diel39  10 1.17 0.5  10 1.17 0.6  10 1.15 0.6
T diel39  10 1.17 0.6  10 1.15 0.7  10 1.15 0.6
T diel39  10 1.17 0.6  10 1.17 0.7  10 1.15 0.7
T diel39  10 1.17 0.7  10 1.15 0.8  10 1.15 0.7
T diel39  10 1.17 0.7  10 1.17 0.8  10 1.15 0.8
T diel39  10 1.17 0.8  10 1.15 0.9  10 1.15 0.8
T diel39  10 1.17 0.8  10 1.17 0.9  10 1.15 0.9
T diel39  10 1.17 0.9  10 1.15 1  10 1.15 0.9
T diel39  10 1.17 0.9  10 1.17 1  10 1.15 1
T diel39  10 1.17 1  10 1.15 1.1  10 1.15 1
T diel39  10 1.17 1  10 1.17 1.1  10 1.15 1.1
T diel39  10 1.17 1.1  10 1.15 1.2  10 1.15 1.1
T diel39  10 1.17 1.1  10 1.17 1.2  10 1.15 1.2
T diel39  10 1.17 1.2  10 1.15 1.3  10 1.15 1.2
T diel39  10 1.17 1.2  10 1.17 1.3  10 1.15 1.3
T diel39  10 1.17 1.3  10 1.15 1.4  10 1.15 1.3
T diel39  10 1.17 1.3  10 1.17 1.4  10 1.15 1.4
T diel39  10 1.17 1.4  10 1.15 1.5  10 1.15 1.4
T diel39  10 1.17 1.4  10 1.17 1.5  10 1.15 1.5
T diel39  10 1.17 1.5  10 1.15 1.6  10 1.15 1.5
T diel39  10 1.17 1.5  10 1.17 1.6  10 1.15 1.6
T diel39  10 1.17 1.6  10 1.15 1.7  10 1.15 1.6
T diel39  10 1.17 1.6  10 1.17 1.7  10 1.15 1.7
T diel39  10 1.17 1.7  10 1.15 1.8  10 1.15 1.7
T diel39  10 1.17 1.7  10 1.17 1.8  10 1.15 1.8
T diel39  10 1.17 1.8  10 1.15 1.9  10 1.15 1.8
T diel39  10 1.17 1.8  10 1.17 1.9  10 1.15 1.9
T diel39  10 1.17 1.9  10 1.15 2  10 1.15 1.9
T diel39  10 1.17 1.9  10 1.17 2  10 1.15 2
T diel39  10 1.17 2  10 1.15 2.1  10 1.15 2
T diel39  10 1.17 2  10 1.17 2.1  10 1.15 2.1
T diel39  10 1.17 2.1  10 1.15 2.2  10 1.15 2.1
T diel39  10 1.17 2.1  10 1.17 2.2  10 1.15 2.2
T diel39  10 1.17 2.2  10 1.15 2.3  10 1.15 2.2
T diel39  10 1.17 2.2  10 1.17 2.3  10 1.15 2.3
T diel39  10 1.17 2.3  10 1.15 2.4  10 1.15 2.3
T diel39  10 1.17 2.3  10 1.17 2.4  10 1.15 2.4
T diel39  10 1.17 2.4  10 1.15 2.5  10 1.15 2.4
T diel39  10 1.17 2.4  10 1.17 2.5  10 1.15 2.5
T diel39  10 1.17 2.5  10 1.15 2.6  10 1.15 2.5
T diel39  10 1.17 2.5  10 1.17 2.6  10 1.15 2.6
T diel39  10 1.17 2.6  10 1.15 2.7  10 1.15 2.6
T diel39  10 1.17 2.6  10 1.17 2.7  10 1.15 2.7
T diel39  10 1.17 2.7  10 1.15 2.8  10 1.15 2.7
T diel39  10 1.17 2.7  10 1.17 2.8  10 1.15 2.8
T diel39  10 1.17 2.8  10 1.15 2.9  10 1.15 2.8
T diel39  10 1.17 2.8  10 1.17 2.9  10 1.15 2.9
T diel39  10 1.17 2.9  10 1.15 3  10 1.15 2.9
T diel39  10 1.17 2.9  10 1.17 3  10 1.15 3
T diel39  10 1.17 3  10 1.15 3.1  10 1.15 3
T diel39  10 1.17 3  10 1.17 3.1  10 1.15 3.1
T diel39  10 1.17 3.1  10 1.15 3.2  10 1.15 3.1
T diel39  10 1.17 3.1  10 1.17 3.2  10 1.15 3.2
T diel39  10 1.17 3.2  10 1.15 3.3  10 1.15 3.2
T diel39  10 1.17 3.2  10 1.17 3.3  10 1.15 3.3
T diel39  10 1.17 3.3  10 1.15 3.4  10 1.15 3.3
T diel39  10 1.17 3.3  10 1.17 3.4  10 1.15 3.4
T diel39  10 1.17 3.4  10 1.15 3.5  10 1.15 3.4
T diel39  10 1.17 3.4  10 1.17 3.5  10 1.15 3.5
T diel39  10 1.17 3.5  10 1.15 3.6  10 1.15 3.5
T diel39  10 1.17 3.5  10 1.17 3.6  10 1.15 3.6
T diel39  10 1.17 3.6  10 1.15 3.7  10 1.15 3.6
T diel39  10 1.17 3.6  10 1.17 3.7  10 1.15 3.7
T diel39  10 1.17 3.7  10 1.15 3.8  10 1.15 3.7
T diel39  10 1.17 3.7  10 1.17 3.8  10 1.15 3.8
T diel39  10 1.17 3.8  10 1.15 3.9  10 1.15 3.8
T diel39  10 1.17 3.8  10 1.17 3.9  10 1.15 3.9
T diel39  10 1.17 3.9  10 1.15 4  10 1.15 3.9
T diel39  10 1.17 3.9  10 1.17 4  10 1.15 4
T diel39  10 1.17 4  10 1.15 4.1  10 1.15 4
T diel39  10 1.17 4  10 1.17 4.1  10 1.15 4.1
T diel39  10 1.17 4.1  10 1.15 4.2  10 1.15 4.1
T diel39  10 1.17 4.1  10 1.17 4.2  10 1.15 4.2
T diel39  10 1.17 4.2  10 1.15 4.3  10 1.15 4.2
T diel39  10 1.17 4.2  10 1.17 4.3  10 1.15 4.3
T diel39  10 1.17 4.3  10 1.15 4.4  10 1.15 4.3
T diel39  10 1.17 4.3  10 1.17 4.4  10 1.15 4.4
T diel39  10 1.17 4.4  10 1.15 4.5  10 1.15 4.4
T diel39  10 1.17 4.4  10 1.17 4.5  10 1.15 4.5
T diel39  10 1.17 4.5  10 1.15 4.6  10 1.15 4.5
T diel39  10 1.17 4.5  10 1.17 4.6  10 1.15 4.6
T diel39  10 1.17 4.6  10 1.15 4.7  10 1.15 4.6
T diel39  10 1.17 4.6  10 1.17 4.7  10 1.15 4.7
T diel39  10 1.17 4.7  10 1.15 4.8  10 1.15 4.7
T diel39  10 1.17 4.7  10 1.17 4.8  10 1.15 4.8
T diel39  10 1.17 4.8  10 1.15 4.9  10 1.15 4.8
T diel39  10 1.17 4.8  10 1.17 4.9  10 1.15 4.9
T diel39  10 1.17 4.9  10 1.15 5  10 1.15 4.9
T diel39  10 1.17 4.9  10 1.17 5  10 1.15 5
T diel39  10 1.17 5  10 1.15 5.1  10 1.15 5
T diel39  10 1.17 5  10 1.17 5.1  10 1.15 5.1
T diel39  10 1.17 5.1  10 1.15 5.2  10 1.15 5.1
T diel39  10 1.17 5.1  10 1.17 5.2  10 1.15 5.2
T diel39  10 1.17 5.2  10 1.15 5.3  10 1.15 5.2
T diel39  10 1.17 5.2  10 1.17 5.3  10 1.15 5.3
T diel39  10 1.17 5.3  10 1.15 5.4  10 1.15 5.3
T diel39  10 1.17 5.3  10 1.17 5.4  10 1.15 5.4
T diel39  10 1.17 5.4  10 1.15 5.5  10 1.15 5.4
T diel39  10 1.17 5.4  10 1.17 5.5  10 1.15 5.5
T diel39  10 1.17 5.5  10 1.15 5.6  10 1.15 5.5
T diel39  10 1.17 5.5  10 1.17 5.6  10 1.15 5.6
T diel39  10 1.17 5.6  10 1.15 5.7  10 1.15 5.6
T diel39  10 1.17 5.6  10 1.17 5.7  10 1.15 5.7
T diel39  10 1.17 5.7  10 1.15 5.8  10 1.15 5.7
T diel39  10 1.17 5.7  10 1.17 5.8  10 1.15 5.8
T diel39  10 1.17 5.8  10 1.15 5.9  10 1.15 5.8
T diel39  10 1.17 5.8  10 1.17 5.9  10 1.15 5.9
T diel39  10 1.17 5.9  10 1.15 6  10 1.15 5.9
T diel39  10 1.17 5.9  10 1.17 6  10 1.15 6
T diel39  10 1.17 6  10 1.15 6.1  10 1.15 6
T diel39  10 1.17 6  10 1.17 6.1  10 1.15 6.1
T diel39  10 1.17 6.1  10 1.15 6.2  10 1.15 6.1
T diel39  10 1.17 6.1  10 1.17 6.2  10 1.15 6.2
T diel39  10 1.17 6.2  10 1.15 6.3  10 1.15 6.2
T diel39  10 1.17 6.2  10 1.17 6.3  10 1.15 6.3
T diel39  10 1.17 6.3  10 1.15 6.4  10 1.15 6.3
T diel39  10 1.17 6.3  10 1.17 6.4  10 1.15 6.4
T diel39  10 1.17 6.4  10 1.15 6.5  10 1.15 6.4
T diel39  10 1.17 6.4  10 1.17 6.5  10 1.15 6.5
T diel39  10 1.17 6.5  10 1.15 6.6  10 1.15 6.5
T diel39  10 1.17 6.5  10 1.17 6.6  10 1.15 6.6
T diel39  10 1.17 6.6  10 1.15 6.7  10 1.15 6.6
T diel39  10 1.17 6.6  10 1.17 6.7  10 1.15 6.7
T diel39  10 1.17 6.7  10 1.15 6.8  10 1.15 6.7
T diel39  10 1.17 6.7  10 1.17 6.8  10 1.15 6.8
T diel39  10 1.17 6.8  10 1.15 6.9  10 1.15 6.8
T diel39  10 1.17 6.8  10 1.17 6.9  10 1.15 6.9
T diel39  10 1.17 6.9  10 1.15 7  10 1.15 6.9
T diel39  10 1.17 6.9  10 1.17 7  10 1.15 7
T diel39  10 1.17 7  10 1.15 7.1  10 1.15 7
T diel39  10 1.17 7  10 1.17 7.1  10 1.15 7.1
T diel39  10 1.17 7.1  10 1.15 7.2  10 1.15 7.1
T diel39  10 1.17 7.1  10 1.17 7.2  10 1.15 7.2
T diel39  10 1.17 7.2  10 1.15 7.3  10 1.15 7.2
T diel39  10 1.17 7.2  10 1.17 7.3  10 1.15 7.3
T diel39  10 1.17 7.3  10 1.15 7.4  10 1.15 7.3
T diel39  10 1.17 7.3  10 1.17 7.4  10 1.15 7.4
T diel39  10 1.17 7.4  10 1.15 7.5  10 1.15 7.4
T diel39  10 1.17 7.4  10 1.17 7.5  10 1.15 7.5
T diel39  10 1.17 7.5  10 1.15 7.6  10 1.15 7.5
T diel39  10 1.17 7.5  10 1.17 7.6  10 1.15 7.6
T diel39  10 1.17 7.6  10 1.15 7.7  10 1.15 7.6
T diel39  10 1.17 7.6  10 1.17 7.7  10 1.15 7.7
T diel39  10 1.17 7.7  10 1.15 7.8  10 1.15 7.7
T diel39  10 1.17 7.7  10 1.17 7.8  10 1.15 7.8
T diel39  10 1.17 7.8  10 1.15 7.9  10 1.15 7.8
T diel39  10 1.17 7.8  10 1.17 7.9  10 1.15 7.9
T diel39  10 1.17 7.9  10 1.15 8  10 1.15 7.9
T diel39  10 1.17 7.9  10 1.17 8  10 1.15 8
T diel39  10 1.17 8  10 1.15 8.1  10 1.15 8
T diel39  10 1.17 8  10 1.17 8.1  10 1.15 8.1
T diel39  10 1.17 8.1  10 1.15 8.2  10 1.15 8.1
T diel39  10 1.17 8.1  10 1.17 8.2  10 1.15 8.2
T diel39  10 1.17 8.2  10 1.15 8.3  10 1.15 8.2
T diel39  10 1.17 8.2  10 1.17 8.3  10 1.15 8.3
T diel39  10 1.17 8.3  10 1.15 8.4  10 1.15 8.3
T diel39  10 1.17 8.3  10 1.17 8.4  10 1.15 8.4
T diel39  10 1.17 8.4  10 1.15 8.5  10 1.15 8.4
T diel39  10 1.17 8.4  10 1.17 8.5  10 1.15 8.5
T diel39  10 1.17 8.5  10 1.15 8.6  10 1.15 8.5
T diel39  10 1.17 8.5  10 1.17 8.6  10 1.15 8.6
T diel39  10 1.17 8.6  10 1.15 8.7  10 1.15 8.6
T diel39  10 1.17 8.6  10 1.17 8.7  10 1.15 8.7
T diel39  10 1.17 8.7  10 1.15 8.8  10 1.15 8.7
T diel39  10 1.17 8.7  10 1.17 8.8  10 1.15 8.8
T diel39  10 1.17 8.8  10 1.15 8.9  10 1.15 8.8
T diel39  10 1.17 8.8  10 1.17 8.9  10 1.15 8.9
T diel39  10 1.17 8.9  10 1.15 9  10 1.15 8.9
T diel39  10 1.17 8.9  10 1.17 9  10 1.15 9
T diel39  10 1.17 9  10 1.15 9.1  10 1.15 9
T diel39  10 1.17 9  10 1.17 9.1  10 1.15 9.1
T diel39  10 1.17 9.1  10 1.15 9.2  10 1.15 9.1
T diel39  10 1.17 9.1  10 1.17 9.2  10 1.15 9.2
T diel39  10 1.17 9.2  10 1.15 9.3  10 1.15 9.2
T diel39  10 1.17 9.2  10 1.17 9.3  10 1.15 9.3
T diel39  10 1.17 9.3  10 1.15 9.4  10 1.15 9.3
T diel39  10 1.17 9.3  10 1.17 9.4  10 1.15 9.4
T diel39  10 1.17 9.4  10 1.15 9.5  10 1.15 9.4
T diel39  10 1.17 9.4  10 1.17 9.5  10 1.15 9.5
T diel39  10 1.17 9.5  10 1.15 9.6  10 1.15 9.5
T diel39  10 1.17 9.5  10 1.17 9.6  10 1.15 9.6
T diel39  10 1.17 9.6  10 1.15 9.7  10 1.15 9.6
T diel39  10 1.17 9.6  10 1.17 9.7  10 1.15 9.7
T diel39  10 1.17 9.7  10 1.15 9.8  10 1.15 9.7
T diel39  10 1.17 9.7  10 1.17 9.8  10 1.15 9.8
T diel39  10 1.17 9.8  10 1.15 9.9  10 1.15 9.8
T diel39  10 1.17 9.8  10 1.17 9.9  10 1.15 9.9
T diel39  10 1.17 9.9  10 1.15 10  10 1.15 9.9
T diel39  10 1.17 9.9  10 1.17 10  10 1.15 10
T diel39  -1.87905e-014 1.15 20  0.1 1.17 20  -1.87905e-014 1.17 20
T diel39  -1.87905e-014 1.15 20  0.1 1.15 20  0.1 1.17 20
T diel39  0.1 1.15 20  0.2 1.17 20  0.1 1.17 20
T diel39  0.1 1.15 20  0.2 1.15 20  0.2 1.17 20
T diel39  0.2 1.15 20  0.3 1.17 20  0.2 1.17 20
T diel39  0.2 1.15 20  0.3 1.15 20  0.3 1.17 20
T diel39  0.3 1.15 20  0.4 1.17 20  0.3 1.17 20
T diel39  0.3 1.15 20  0.4 1.15 20  0.4 1.17 20
T diel39  0.4 1.15 20  0.5 1.17 20  0.4 1.17 20
T diel39  0.4 1.15 20  0.5 1.15 20  0.5 1.17 20
T diel39  0.5 1.15 20  0.6 1.17 20  0.5 1.17 20
T diel39  0.5 1.15 20  0.6 1.15 20  0.6 1.17 20
T diel39  0.6 1.15 20  0.7 1.17 20  0.6 1.17 20
T diel39  0.6 1.15 20  0.7 1.15 20  0.7 1.17 20
T diel39  0.7 1.15 20  0.8 1.17 20  0.7 1.17 20
T diel39  0.7 1.15 20  0.8 1.15 20  0.8 1.17 20
T diel39  0.8 1.15 20  0.9 1.17 20  0.8 1.17 20
T diel39  0.8 1.15 20  0.9 1.15 20  0.9 1.17 20
T diel39  0.9 1.15 20  1 1.17 20  0.9 1.17 20
T diel39  0.9 1.15 20  1 1.15 20  1 1.17 20
T diel39  1 1.15 20  1.1 1.17 20  1 1.17 20
T diel39  1 1.15 20  1.1 1.15 20  1.1 1.17 20
T diel39  1.1 1.15 20  1.2 1.17 20  1.1 1.17 20
T diel39  1.1 1.15 20  1.2 1.15 20  1.2 1.17 20
T diel39  1.2 1.15 20  1.3 1.17 20  1.2 1.17 20
T diel39  1.2 1.15 20  1.3 1.15 20  1.3 1.17 20
T diel39  1.3 1.15 20  1.4 1.17 20  1.3 1.17 20
T diel39  1.3 1.15 20  1.4 1.15 20  1.4 1.17 20
T diel39  1.4 1.15 20  1.5 1.17 20  1.4 1.17 20
T diel39  1.4 1.15 20  1.5 1.15 20  1.5 1.17 20
T diel39  1.5 1.15 20  1.6 1.17 20  1.5 1.17 20
T diel39  1.5 1.15 20  1.6 1.15 20  1.6 1.17 20
T diel39  1.6 1.15 20  1.7 1.17 20  1.6 1.17 20
T diel39  1.6 1.15 20  1.7 1.15 20  1.7 1.17 20
T diel39  1.7 1.15 20  1.8 1.17 20  1.7 1.17 20
T diel39  1.7 1.15 20  1.8 1.15 20  1.8 1.17 20
T diel39  1.8 1.15 20  1.9 1.17 20  1.8 1.17 20
T diel39  1.8 1.15 20  1.9 1.15 20  1.9 1.17 20
T diel39  1.9 1.15 20  2 1.17 20  1.9 1.17 20
T diel39  1.9 1.15 20  2 1.15 20  2 1.17 20
T diel39  2 1.15 20  2.1 1.17 20  2 1.17 20
T diel39  2 1.15 20  2.1 1.15 20  2.1 1.17 20
T diel39  2.1 1.15 20  2.2 1.17 20  2.1 1.17 20
T diel39  2.1 1.15 20  2.2 1.15 20  2.2 1.17 20
T diel39  2.2 1.15 20  2.3 1.17 20  2.2 1.17 20
T diel39  2.2 1.15 20  2.3 1.15 20  2.3 1.17 20
T diel39  2.3 1.15 20  2.4 1.17 20  2.3 1.17 20
T diel39  2.3 1.15 20  2.4 1.15 20  2.4 1.17 20
T diel39  2.4 1.15 20  2.5 1.17 20  2.4 1.17 20
T diel39  2.4 1.15 20  2.5 1.15 20  2.5 1.17 20
T diel39  2.5 1.15 20  2.6 1.17 20  2.5 1.17 20
T diel39  2.5 1.15 20  2.6 1.15 20  2.6 1.17 20
T diel39  2.6 1.15 20  2.7 1.17 20  2.6 1.17 20
T diel39  2.6 1.15 20  2.7 1.15 20  2.7 1.17 20
T diel39  2.7 1.15 20  2.8 1.17 20  2.7 1.17 20
T diel39  2.7 1.15 20  2.8 1.15 20  2.8 1.17 20
T diel39  2.8 1.15 20  2.9 1.17 20  2.8 1.17 20
T diel39  2.8 1.15 20  2.9 1.15 20  2.9 1.17 20
T diel39  2.9 1.15 20  3 1.17 20  2.9 1.17 20
T diel39  2.9 1.15 20  3 1.15 20  3 1.17 20
T diel39  3 1.15 20  3.1 1.17 20  3 1.17 20
T diel39  3 1.15 20  3.1 1.15 20  3.1 1.17 20
T diel39  3.1 1.15 20  3.2 1.17 20  3.1 1.17 20
T diel39  3.1 1.15 20  3.2 1.15 20  3.2 1.17 20
T diel39  3.2 1.15 20  3.3 1.17 20  3.2 1.17 20
T diel39  3.2 1.15 20  3.3 1.15 20  3.3 1.17 20
T diel39  3.3 1.15 20  3.4 1.17 20  3.3 1.17 20
T diel39  3.3 1.15 20  3.4 1.15 20  3.4 1.17 20
T diel39  3.4 1.15 20  3.5 1.17 20  3.4 1.17 20
T diel39  3.4 1.15 20  3.5 1.15 20  3.5 1.17 20
T diel39  3.5 1.15 20  3.6 1.17 20  3.5 1.17 20
T diel39  3.5 1.15 20  3.6 1.15 20  3.6 1.17 20
T diel39  3.6 1.15 20  3.7 1.17 20  3.6 1.17 20
T diel39  3.6 1.15 20  3.7 1.15 20  3.7 1.17 20
T diel39  3.7 1.15 20  3.8 1.17 20  3.7 1.17 20
T diel39  3.7 1.15 20  3.8 1.15 20  3.8 1.17 20
T diel39  3.8 1.15 20  3.9 1.17 20  3.8 1.17 20
T diel39  3.8 1.15 20  3.9 1.15 20  3.9 1.17 20
T diel39  3.9 1.15 20  4 1.17 20  3.9 1.17 20
T diel39  3.9 1.15 20  4 1.15 20  4 1.17 20
T diel39  4 1.15 20  4.1 1.17 20  4 1.17 20
T diel39  4 1.15 20  4.1 1.15 20  4.1 1.17 20
T diel39  4.1 1.15 20  4.2 1.17 20  4.1 1.17 20
T diel39  4.1 1.15 20  4.2 1.15 20  4.2 1.17 20
T diel39  4.2 1.15 20  4.3 1.17 20  4.2 1.17 20
T diel39  4.2 1.15 20  4.3 1.15 20  4.3 1.17 20
T diel39  4.3 1.15 20  4.4 1.17 20  4.3 1.17 20
T diel39  4.3 1.15 20  4.4 1.15 20  4.4 1.17 20
T diel39  4.4 1.15 20  4.5 1.17 20  4.4 1.17 20
T diel39  4.4 1.15 20  4.5 1.15 20  4.5 1.17 20
T diel39  4.5 1.15 20  4.6 1.17 20  4.5 1.17 20
T diel39  4.5 1.15 20  4.6 1.15 20  4.6 1.17 20
T diel39  4.6 1.15 20  4.7 1.17 20  4.6 1.17 20
T diel39  4.6 1.15 20  4.7 1.15 20  4.7 1.17 20
T diel39  4.7 1.15 20  4.8 1.17 20  4.7 1.17 20
T diel39  4.7 1.15 20  4.8 1.15 20  4.8 1.17 20
T diel39  4.8 1.15 20  4.9 1.17 20  4.8 1.17 20
T diel39  4.8 1.15 20  4.9 1.15 20  4.9 1.17 20
T diel39  4.9 1.15 20  5 1.17 20  4.9 1.17 20
T diel39  4.9 1.15 20  5 1.15 20  5 1.17 20
T diel39  10 1.17 10  10 1.15 10.1  10 1.15 10
T diel39  10 1.17 10  10 1.17 10.1  10 1.15 10.1
T diel39  10 1.17 10.1  10 1.15 10.2  10 1.15 10.1
T diel39  10 1.17 10.1  10 1.17 10.2  10 1.15 10.2
T diel39  10 1.17 10.2  10 1.15 10.3  10 1.15 10.2
T diel39  10 1.17 10.2  10 1.17 10.3  10 1.15 10.3
T diel39  10 1.17 10.3  10 1.15 10.4  10 1.15 10.3
T diel39  10 1.17 10.3  10 1.17 10.4  10 1.15 10.4
T diel39  10 1.17 10.4  10 1.15 10.5  10 1.15 10.4
T diel39  10 1.17 10.4  10 1.17 10.5  10 1.15 10.5
T diel39  10 1.17 10.5  10 1.15 10.6  10 1.15 10.5
T diel39  10 1.17 10.5  10 1.17 10.6  10 1.15 10.6
T diel39  10 1.17 10.6  10 1.15 10.7  10 1.15 10.6
T diel39  10 1.17 10.6  10 1.17 10.7  10 1.15 10.7
T diel39  10 1.17 10.7  10 1.15 10.8  10 1.15 10.7
T diel39  10 1.17 10.7  10 1.17 10.8  10 1.15 10.8
T diel39  10 1.17 10.8  10 1.15 10.9  10 1.15 10.8
T diel39  10 1.17 10.8  10 1.17 10.9  10 1.15 10.9
T diel39  10 1.17 10.9  10 1.15 11  10 1.15 10.9
T diel39  10 1.17 10.9  10 1.17 11  10 1.15 11
T diel39  10 1.17 11  10 1.15 11.1  10 1.15 11
T diel39  10 1.17 11  10 1.17 11.1  10 1.15 11.1
T diel39  10 1.17 11.1  10 1.15 11.2  10 1.15 11.1
T diel39  10 1.17 11.1  10 1.17 11.2  10 1.15 11.2
T diel39  10 1.17 11.2  10 1.15 11.3  10 1.15 11.2
T diel39  10 1.17 11.2  10 1.17 11.3  10 1.15 11.3
T diel39  10 1.17 11.3  10 1.15 11.4  10 1.15 11.3
T diel39  10 1.17 11.3  10 1.17 11.4  10 1.15 11.4
T diel39  10 1.17 11.4  10 1.15 11.5  10 1.15 11.4
T diel39  10 1.17 11.4  10 1.17 11.5  10 1.15 11.5
T diel39  10 1.17 11.5  10 1.15 11.6  10 1.15 11.5
T diel39  10 1.17 11.5  10 1.17 11.6  10 1.15 11.6
T diel39  10 1.17 11.6  10 1.15 11.7  10 1.15 11.6
T diel39  10 1.17 11.6  10 1.17 11.7  10 1.15 11.7
T diel39  10 1.17 11.7  10 1.15 11.8  10 1.15 11.7
T diel39  10 1.17 11.7  10 1.17 11.8  10 1.15 11.8
T diel39  10 1.17 11.8  10 1.15 11.9  10 1.15 11.8
T diel39  10 1.17 11.8  10 1.17 11.9  10 1.15 11.9
T diel39  10 1.17 11.9  10 1.15 12  10 1.15 11.9
T diel39  10 1.17 11.9  10 1.17 12  10 1.15 12
T diel39  10 1.17 12  10 1.15 12.1  10 1.15 12
T diel39  10 1.17 12  10 1.17 12.1  10 1.15 12.1
T diel39  10 1.17 12.1  10 1.15 12.2  10 1.15 12.1
T diel39  10 1.17 12.1  10 1.17 12.2  10 1.15 12.2
T diel39  10 1.17 12.2  10 1.15 12.3  10 1.15 12.2
T diel39  10 1.17 12.2  10 1.17 12.3  10 1.15 12.3
T diel39  10 1.17 12.3  10 1.15 12.4  10 1.15 12.3
T diel39  10 1.17 12.3  10 1.17 12.4  10 1.15 12.4
T diel39  10 1.17 12.4  10 1.15 12.5  10 1.15 12.4
T diel39  10 1.17 12.4  10 1.17 12.5  10 1.15 12.5
T diel39  10 1.17 12.5  10 1.15 12.6  10 1.15 12.5
T diel39  10 1.17 12.5  10 1.17 12.6  10 1.15 12.6
T diel39  10 1.17 12.6  10 1.15 12.7  10 1.15 12.6
T diel39  10 1.17 12.6  10 1.17 12.7  10 1.15 12.7
T diel39  10 1.17 12.7  10 1.15 12.8  10 1.15 12.7
T diel39  10 1.17 12.7  10 1.17 12.8  10 1.15 12.8
T diel39  10 1.17 12.8  10 1.15 12.9  10 1.15 12.8
T diel39  10 1.17 12.8  10 1.17 12.9  10 1.15 12.9
T diel39  10 1.17 12.9  10 1.15 13  10 1.15 12.9
T diel39  10 1.17 12.9  10 1.17 13  10 1.15 13
T diel39  10 1.17 13  10 1.15 13.1  10 1.15 13
T diel39  10 1.17 13  10 1.17 13.1  10 1.15 13.1
T diel39  10 1.17 13.1  10 1.15 13.2  10 1.15 13.1
T diel39  10 1.17 13.1  10 1.17 13.2  10 1.15 13.2
T diel39  10 1.17 13.2  10 1.15 13.3  10 1.15 13.2
T diel39  10 1.17 13.2  10 1.17 13.3  10 1.15 13.3
T diel39  10 1.17 13.3  10 1.15 13.4  10 1.15 13.3
T diel39  10 1.17 13.3  10 1.17 13.4  10 1.15 13.4
T diel39  10 1.17 13.4  10 1.15 13.5  10 1.15 13.4
T diel39  10 1.17 13.4  10 1.17 13.5  10 1.15 13.5
T diel39  10 1.17 13.5  10 1.15 13.6  10 1.15 13.5
T diel39  10 1.17 13.5  10 1.17 13.6  10 1.15 13.6
T diel39  10 1.17 13.6  10 1.15 13.7  10 1.15 13.6
T diel39  10 1.17 13.6  10 1.17 13.7  10 1.15 13.7
T diel39  10 1.17 13.7  10 1.15 13.8  10 1.15 13.7
T diel39  10 1.17 13.7  10 1.17 13.8  10 1.15 13.8
T diel39  10 1.17 13.8  10 1.15 13.9  10 1.15 13.8
T diel39  10 1.17 13.8  10 1.17 13.9  10 1.15 13.9
T diel39  10 1.17 13.9  10 1.15 14  10 1.15 13.9
T diel39  10 1.17 13.9  10 1.17 14  10 1.15 14
T diel39  10 1.17 14  10 1.15 14.1  10 1.15 14
T diel39  10 1.17 14  10 1.17 14.1  10 1.15 14.1
T diel39  10 1.17 14.1  10 1.15 14.2  10 1.15 14.1
T diel39  10 1.17 14.1  10 1.17 14.2  10 1.15 14.2
T diel39  10 1.17 14.2  10 1.15 14.3  10 1.15 14.2
T diel39  10 1.17 14.2  10 1.17 14.3  10 1.15 14.3
T diel39  10 1.17 14.3  10 1.15 14.4  10 1.15 14.3
T diel39  10 1.17 14.3  10 1.17 14.4  10 1.15 14.4
T diel39  10 1.17 14.4  10 1.15 14.5  10 1.15 14.4
T diel39  10 1.17 14.4  10 1.17 14.5  10 1.15 14.5
T diel39  10 1.17 14.5  10 1.15 14.6  10 1.15 14.5
T diel39  10 1.17 14.5  10 1.17 14.6  10 1.15 14.6
T diel39  10 1.17 14.6  10 1.15 14.7  10 1.15 14.6
T diel39  10 1.17 14.6  10 1.17 14.7  10 1.15 14.7
T diel39  10 1.17 14.7  10 1.15 14.8  10 1.15 14.7
T diel39  10 1.17 14.7  10 1.17 14.8  10 1.15 14.8
T diel39  10 1.17 14.8  10 1.15 14.9  10 1.15 14.8
T diel39  10 1.17 14.8  10 1.17 14.9  10 1.15 14.9
T diel39  10 1.17 14.9  10 1.15 15  10 1.15 14.9
T diel39  10 1.17 14.9  10 1.17 15  10 1.15 15
T diel39  10 1.17 15  10 1.15 15.1  10 1.15 15
T diel39  10 1.17 15  10 1.17 15.1  10 1.15 15.1
T diel39  10 1.17 15.1  10 1.15 15.2  10 1.15 15.1
T diel39  10 1.17 15.1  10 1.17 15.2  10 1.15 15.2
T diel39  10 1.17 15.2  10 1.15 15.3  10 1.15 15.2
T diel39  10 1.17 15.2  10 1.17 15.3  10 1.15 15.3
T diel39  10 1.17 15.3  10 1.15 15.4  10 1.15 15.3
T diel39  10 1.17 15.3  10 1.17 15.4  10 1.15 15.4
T diel39  10 1.17 15.4  10 1.15 15.5  10 1.15 15.4
T diel39  10 1.17 15.4  10 1.17 15.5  10 1.15 15.5
T diel39  10 1.17 15.5  10 1.15 15.6  10 1.15 15.5
T diel39  10 1.17 15.5  10 1.17 15.6  10 1.15 15.6
T diel39  10 1.17 15.6  10 1.15 15.7  10 1.15 15.6
T diel39  10 1.17 15.6  10 1.17 15.7  10 1.15 15.7
T diel39  10 1.17 15.7  10 1.15 15.8  10 1.15 15.7
T diel39  10 1.17 15.7  10 1.17 15.8  10 1.15 15.8
T diel39  10 1.17 15.8  10 1.15 15.9  10 1.15 15.8
T diel39  10 1.17 15.8  10 1.17 15.9  10 1.15 15.9
T diel39  10 1.17 15.9  10 1.15 16  10 1.15 15.9
T diel39  10 1.17 15.9  10 1.17 16  10 1.15 16
T diel39  10 1.17 16  10 1.15 16.1  10 1.15 16
T diel39  10 1.17 16  10 1.17 16.1  10 1.15 16.1
T diel39  10 1.17 16.1  10 1.15 16.2  10 1.15 16.1
T diel39  10 1.17 16.1  10 1.17 16.2  10 1.15 16.2
T diel39  10 1.17 16.2  10 1.15 16.3  10 1.15 16.2
T diel39  10 1.17 16.2  10 1.17 16.3  10 1.15 16.3
T diel39  10 1.17 16.3  10 1.15 16.4  10 1.15 16.3
T diel39  10 1.17 16.3  10 1.17 16.4  10 1.15 16.4
T diel39  10 1.17 16.4  10 1.15 16.5  10 1.15 16.4
T diel39  10 1.17 16.4  10 1.17 16.5  10 1.15 16.5
T diel39  10 1.17 16.5  10 1.15 16.6  10 1.15 16.5
T diel39  10 1.17 16.5  10 1.17 16.6  10 1.15 16.6
T diel39  10 1.17 16.6  10 1.15 16.7  10 1.15 16.6
T diel39  10 1.17 16.6  10 1.17 16.7  10 1.15 16.7
T diel39  10 1.17 16.7  10 1.15 16.8  10 1.15 16.7
T diel39  10 1.17 16.7  10 1.17 16.8  10 1.15 16.8
T diel39  10 1.17 16.8  10 1.15 16.9  10 1.15 16.8
T diel39  10 1.17 16.8  10 1.17 16.9  10 1.15 16.9
T diel39  10 1.17 16.9  10 1.15 17  10 1.15 16.9
T diel39  10 1.17 16.9  10 1.17 17  10 1.15 17
T diel39  10 1.17 17  10 1.15 17.1  10 1.15 17
T diel39  10 1.17 17  10 1.17 17.1  10 1.15 17.1
T diel39  10 1.17 17.1  10 1.15 17.2  10 1.15 17.1
T diel39  10 1.17 17.1  10 1.17 17.2  10 1.15 17.2
T diel39  10 1.17 17.2  10 1.15 17.3  10 1.15 17.2
T diel39  10 1.17 17.2  10 1.17 17.3  10 1.15 17.3
T diel39  10 1.17 17.3  10 1.15 17.4  10 1.15 17.3
T diel39  10 1.17 17.3  10 1.17 17.4  10 1.15 17.4
T diel39  10 1.17 17.4  10 1.15 17.5  10 1.15 17.4
T diel39  10 1.17 17.4  10 1.17 17.5  10 1.15 17.5
T diel39  5 1.15 20  5.1 1.17 20  5 1.17 20
T diel39  5 1.15 20  5.1 1.15 20  5.1 1.17 20
T diel39  5.1 1.15 20  5.2 1.17 20  5.1 1.17 20
T diel39  5.1 1.15 20  5.2 1.15 20  5.2 1.17 20
T diel39  5.2 1.15 20  5.3 1.17 20  5.2 1.17 20
T diel39  5.2 1.15 20  5.3 1.15 20  5.3 1.17 20
T diel39  5.3 1.15 20  5.4 1.17 20  5.3 1.17 20
T diel39  5.3 1.15 20  5.4 1.15 20  5.4 1.17 20
T diel39  5.4 1.15 20  5.5 1.17 20  5.4 1.17 20
T diel39  5.4 1.15 20  5.5 1.15 20  5.5 1.17 20
T diel39  5.5 1.15 20  5.6 1.17 20  5.5 1.17 20
T diel39  5.5 1.15 20  5.6 1.15 20  5.6 1.17 20
T diel39  5.6 1.15 20  5.7 1.17 20  5.6 1.17 20
T diel39  5.6 1.15 20  5.7 1.15 20  5.7 1.17 20
T diel39  5.7 1.15 20  5.8 1.17 20  5.7 1.17 20
T diel39  5.7 1.15 20  5.8 1.15 20  5.8 1.17 20
T diel39  5.8 1.15 20  5.9 1.17 20  5.8 1.17 20
T diel39  5.8 1.15 20  5.9 1.15 20  5.9 1.17 20
T diel39  5.9 1.15 20  6 1.17 20  5.9 1.17 20
T diel39  5.9 1.15 20  6 1.15 20  6 1.17 20
T diel39  6 1.15 20  6.1 1.17 20  6 1.17 20
T diel39  6 1.15 20  6.1 1.15 20  6.1 1.17 20
T diel39  6.1 1.15 20  6.2 1.17 20  6.1 1.17 20
T diel39  6.1 1.15 20  6.2 1.15 20  6.2 1.17 20
T diel39  6.2 1.15 20  6.3 1.17 20  6.2 1.17 20
T diel39  6.2 1.15 20  6.3 1.15 20  6.3 1.17 20
T diel39  6.3 1.15 20  6.4 1.17 20  6.3 1.17 20
T diel39  6.3 1.15 20  6.4 1.15 20  6.4 1.17 20
T diel39  6.4 1.15 20  6.5 1.17 20  6.4 1.17 20
T diel39  6.4 1.15 20  6.5 1.15 20  6.5 1.17 20
T diel39  6.5 1.15 20  6.6 1.17 20  6.5 1.17 20
T diel39  6.5 1.15 20  6.6 1.15 20  6.6 1.17 20
T diel39  6.6 1.15 20  6.7 1.17 20  6.6 1.17 20
T diel39  6.6 1.15 20  6.7 1.15 20  6.7 1.17 20
T diel39  6.7 1.15 20  6.8 1.17 20  6.7 1.17 20
T diel39  6.7 1.15 20  6.8 1.15 20  6.8 1.17 20
T diel39  6.8 1.15 20  6.9 1.17 20  6.8 1.17 20
T diel39  6.8 1.15 20  6.9 1.15 20  6.9 1.17 20
T diel39  6.9 1.15 20  7 1.17 20  6.9 1.17 20
T diel39  6.9 1.15 20  7 1.15 20  7 1.17 20
T diel39  7 1.15 20  7.1 1.17 20  7 1.17 20
T diel39  7 1.15 20  7.1 1.15 20  7.1 1.17 20
T diel39  7.1 1.15 20  7.2 1.17 20  7.1 1.17 20
T diel39  7.1 1.15 20  7.2 1.15 20  7.2 1.17 20
T diel39  7.2 1.15 20  7.3 1.17 20  7.2 1.17 20
T diel39  7.2 1.15 20  7.3 1.15 20  7.3 1.17 20
T diel39  7.3 1.15 20  7.4 1.17 20  7.3 1.17 20
T diel39  7.3 1.15 20  7.4 1.15 20  7.4 1.17 20
T diel39  7.4 1.15 20  7.5 1.17 20  7.4 1.17 20
T diel39  7.4 1.15 20  7.5 1.15 20  7.5 1.17 20
T diel39  10 1.17 17.5  10 1.15 17.6  10 1.15 17.5
T diel39  10 1.17 17.5  10 1.17 17.6  10 1.15 17.6
T diel39  10 1.17 17.6  10 1.15 17.7  10 1.15 17.6
T diel39  10 1.17 17.6  10 1.17 17.7  10 1.15 17.7
T diel39  10 1.17 17.7  10 1.15 17.8  10 1.15 17.7
T diel39  10 1.17 17.7  10 1.17 17.8  10 1.15 17.8
T diel39  10 1.17 17.8  10 1.15 17.9  10 1.15 17.8
T diel39  10 1.17 17.8  10 1.17 17.9  10 1.15 17.9
T diel39  10 1.17 17.9  10 1.15 18  10 1.15 17.9
T diel39  10 1.17 17.9  10 1.17 18  10 1.15 18
T diel39  10 1.17 18  10 1.15 18.1  10 1.15 18
T diel39  10 1.17 18  10 1.17 18.1  10 1.15 18.1
T diel39  10 1.17 18.1  10 1.15 18.2  10 1.15 18.1
T diel39  10 1.17 18.1  10 1.17 18.2  10 1.15 18.2
T diel39  10 1.17 18.2  10 1.15 18.3  10 1.15 18.2
T diel39  10 1.17 18.2  10 1.17 18.3  10 1.15 18.3
T diel39  10 1.17 18.3  10 1.15 18.4  10 1.15 18.3
T diel39  10 1.17 18.3  10 1.17 18.4  10 1.15 18.4
T diel39  10 1.17 18.4  10 1.15 18.5  10 1.15 18.4
T diel39  10 1.17 18.4  10 1.17 18.5  10 1.15 18.5
T diel39  10 1.17 18.5  10 1.15 18.6  10 1.15 18.5
T diel39  10 1.17 18.5  10 1.17 18.6  10 1.15 18.6
T diel39  10 1.17 18.6  10 1.15 18.7  10 1.15 18.6
T diel39  10 1.17 18.6  10 1.17 18.7  10 1.15 18.7
T diel39  10 1.17 18.7  10 1.15 18.8  10 1.15 18.7
T diel39  10 1.17 18.7  10 1.17 18.8  10 1.15 18.8
T diel39  7.5 1.15 20  7.6 1.17 20  7.5 1.17 20
T diel39  7.5 1.15 20  7.6 1.15 20  7.6 1.17 20
T diel39  7.6 1.15 20  7.7 1.17 20  7.6 1.17 20
T diel39  7.6 1.15 20  7.7 1.15 20  7.7 1.17 20
T diel39  7.7 1.15 20  7.8 1.17 20  7.7 1.17 20
T diel39  7.7 1.15 20  7.8 1.15 20  7.8 1.17 20
T diel39  7.8 1.15 20  7.9 1.17 20  7.8 1.17 20
T diel39  7.8 1.15 20  7.9 1.15 20  7.9 1.17 20
T diel39  7.9 1.15 20  8 1.17 20  7.9 1.17 20
T diel39  7.9 1.15 20  8 1.15 20  8 1.17 20
T diel39  8 1.15 20  8.1 1.17 20  8 1.17 20
T diel39  8 1.15 20  8.1 1.15 20  8.1 1.17 20
T diel39  8.1 1.15 20  8.2 1.17 20  8.1 1.17 20
T diel39  8.1 1.15 20  8.2 1.15 20  8.2 1.17 20
T diel39  8.2 1.15 20  8.3 1.17 20  8.2 1.17 20
T diel39  8.2 1.15 20  8.3 1.15 20  8.3 1.17 20
T diel39  8.3 1.15 20  8.4 1.17 20  8.3 1.17 20
T diel39  8.3 1.15 20  8.4 1.15 20  8.4 1.17 20
T diel39  8.4 1.15 20  8.5 1.17 20  8.4 1.17 20
T diel39  8.4 1.15 20  8.5 1.15 20  8.5 1.17 20
T diel39  8.5 1.15 20  8.6 1.17 20  8.5 1.17 20
T diel39  8.5 1.15 20  8.6 1.15 20  8.6 1.17 20
T diel39  8.6 1.15 20  8.7 1.17 20  8.6 1.17 20
T diel39  8.6 1.15 20  8.7 1.15 20  8.7 1.17 20
T diel39  8.7 1.15 20  8.8 1.17 20  8.7 1.17 20
T diel39  8.7 1.15 20  8.8 1.15 20  8.8 1.17 20
T diel39  10 1.17 18.8  10 1.15 18.9  10 1.15 18.8
T diel39  10 1.17 18.8  10 1.17 18.9  10 1.15 18.9
T diel39  10 1.17 18.9  10 1.15 19  10 1.15 18.9
T diel39  10 1.17 18.9  10 1.17 19  10 1.15 19
T diel39  10 1.17 19  10 1.15 19.1  10 1.15 19
T diel39  10 1.17 19  10 1.17 19.1  10 1.15 19.1
T diel39  10 1.17 19.1  10 1.15 19.2  10 1.15 19.1
T diel39  10 1.17 19.1  10 1.17 19.2  10 1.15 19.2
T diel39  10 1.17 19.2  10 1.15 19.3  10 1.15 19.2
T diel39  10 1.17 19.2  10 1.17 19.3  10 1.15 19.3
T diel39  10 1.17 19.3  10 1.15 19.4  10 1.15 19.3
T diel39  10 1.17 19.3  10 1.17 19.4  10 1.15 19.4
T diel39  8.8 1.15 20  8.9 1.17 20  8.8 1.17 20
T diel39  8.8 1.15 20  8.9 1.15 20  8.9 1.17 20
T diel39  8.9 1.15 20  9 1.17 20  8.9 1.17 20
T diel39  8.9 1.15 20  9 1.15 20  9 1.17 20
T diel39  9 1.15 20  9.1 1.17 20  9 1.17 20
T diel39  9 1.15 20  9.1 1.15 20  9.1 1.17 20
T diel39  9.1 1.15 20  9.2 1.17 20  9.1 1.17 20
T diel39  9.1 1.15 20  9.2 1.15 20  9.2 1.17 20
T diel39  9.2 1.15 20  9.3 1.17 20  9.2 1.17 20
T diel39  9.2 1.15 20  9.3 1.15 20  9.3 1.17 20
T diel39  9.3 1.15 20  9.4 1.17 20  9.3 1.17 20
T diel39  9.3 1.15 20  9.4 1.15 20  9.4 1.17 20
T diel39  9.4 1.15 20  9.5 1.17 20  9.4 1.17 20
T diel39  9.4 1.15 20  9.5 1.15 20  9.5 1.17 20
T diel39  9.5 1.15 20  9.6 1.17 20  9.5 1.17 20
T diel39  9.5 1.15 20  9.6 1.15 20  9.6 1.17 20
T diel39  9.6 1.15 20  9.7 1.17 20  9.6 1.17 20
T diel39  9.6 1.15 20  9.7 1.15 20  9.7 1.17 20
T diel39  10 1.17 19.4  10 1.15 19.5  10 1.15 19.4
T diel39  10 1.17 19.4  10 1.17 19.5  10 1.15 19.5
T diel39  10 1.17 19.5  10 1.15 19.6  10 1.15 19.5
T diel39  10 1.17 19.5  10 1.17 19.6  10 1.15 19.6
T diel39  10 1.17 19.6  10 1.15 19.7  10 1.15 19.6
T diel39  10 1.17 19.6  10 1.17 19.7  10 1.15 19.7
T diel39  9.7 1.15 20  9.8 1.17 20  9.7 1.17 20
T diel39  9.7 1.15 20  9.8 1.15 20  9.8 1.17 20
T diel39  9.8 1.15 20  9.9 1.17 20  9.8 1.17 20
T diel39  9.8 1.15 20  9.9 1.15 20  9.9 1.17 20
T diel39  10 1.17 19.7  10 1.15 19.8  10 1.15 19.7
T diel39  10 1.17 19.7  10 1.17 19.8  10 1.15 19.8
T diel39  10 1.17 19.8  10 1.15 19.9  10 1.15 19.8
T diel39  10 1.17 19.8  10 1.17 19.9  10 1.15 19.9
T diel39  9.9 1.15 20  10 1.17 20  9.9 1.17 20
T diel39  9.9 1.15 20  10 1.15 20  10 1.17 20
T diel39  10 1.17 19.9  10 1.15 20  10 1.15 19.9
T diel39  10 1.17 19.9  10 1.17 20  10 1.15 20
