0 Refined FastCap file derived from wires_M1oM0_W014_S014_extrapanels3D.lst, referenced in list file wires_M1oM0_W014_S014_extrapanels3D_ref.lst
*
T g4_wire_M1  -0.07 0.75 10  0.07 0.7 10  -0.07 0.7 10
T g4_wire_M1  -0.07 0.7 10  -0.07 0.75 10.25  -0.07 0.75 10
T g4_wire_M1  -0.07 0.75 10  0.07 0.75 10  0.07 0.7 10
T g4_wire_M1  0.07 0.75 10  0.07 0.7 10.25  0.07 0.7 10
T g4_wire_M1  -0.07 0.7 10  -0.07 0.7 10.25  -0.07 0.75 10.25
T g4_wire_M1  0.07 0.75 10  0.07 0.75 10.25  0.07 0.7 10.25
T g4_wire_M1  -0.07 0.9 10  0.07 0.9 10.6667  0.07 0.9 10
T g4_wire_M1  -0.07 0.7 10.25  -0.07 0.75 10.5  -0.07 0.75 10.25
T g4_wire_M1  -0.07 0.7 10.25  -0.07 0.7 10.5  -0.07 0.75 10.5
T g4_wire_M1  0.07 0.75 10.25  0.07 0.7 10.5  0.07 0.7 10.25
T g4_wire_M1  0.07 0.75 10.25  0.07 0.75 10.5  0.07 0.7 10.5
T g4_wire_M1  -0.07 0.9 10  -0.07 0.9 10.6667  0.07 0.9 10.6667
T g4_wire_M1  -0.07 0.7 10.5  -0.07 0.75 10.75  -0.07 0.75 10.5
T g4_wire_M1  -0.07 0.7 10.5  -0.07 0.7 10.75  -0.07 0.75 10.75
T g4_wire_M1  0.07 0.75 10.5  0.07 0.7 10.75  0.07 0.7 10.5
T g4_wire_M1  0.07 0.75 10.5  0.07 0.75 10.75  0.07 0.7 10.75
T g4_wire_M1  -0.07 0.7 10.75  -0.07 0.75 11  -0.07 0.75 10.75
T g4_wire_M1  -0.07 0.7 10.75  -0.07 0.7 11  -0.07 0.75 11
T g4_wire_M1  0.07 0.75 10.75  0.07 0.7 11  0.07 0.7 10.75
T g4_wire_M1  0.07 0.75 10.75  0.07 0.75 11  0.07 0.7 11
T g4_wire_M1  -0.07 0.9 10.6667  0.07 0.9 11.3333  0.07 0.9 10.6667
T g4_wire_M1  -0.07 0.7 11  -0.07 0.75 11.25  -0.07 0.75 11
T g4_wire_M1  -0.07 0.7 11  -0.07 0.7 11.25  -0.07 0.75 11.25
T g4_wire_M1  0.07 0.75 11  0.07 0.7 11.25  0.07 0.7 11
T g4_wire_M1  0.07 0.75 11  0.07 0.75 11.25  0.07 0.7 11.25
T g4_wire_M1  -0.07 0.9 10.6667  -0.07 0.9 11.3333  0.07 0.9 11.3333
T g4_wire_M1  -0.07 0.7 11.25  -0.07 0.75 11.5  -0.07 0.75 11.25
T g4_wire_M1  -0.07 0.7 11.25  -0.07 0.7 11.5  -0.07 0.75 11.5
T g4_wire_M1  0.07 0.75 11.25  0.07 0.7 11.5  0.07 0.7 11.25
T g4_wire_M1  0.07 0.75 11.25  0.07 0.75 11.5  0.07 0.7 11.5
T g4_wire_M1  -0.07 0.7 11.5  -0.07 0.75 11.75  -0.07 0.75 11.5
T g4_wire_M1  -0.07 0.7 11.5  -0.07 0.7 11.75  -0.07 0.75 11.75
T g4_wire_M1  0.07 0.75 11.5  0.07 0.7 11.75  0.07 0.7 11.5
T g4_wire_M1  0.07 0.75 11.5  0.07 0.75 11.75  0.07 0.7 11.75
T g4_wire_M1  -0.07 0.9 11.3333  0.07 0.9 12  0.07 0.9 11.3333
T g4_wire_M1  -0.07 0.7 11.75  -0.07 0.75 12  -0.07 0.75 11.75
T g4_wire_M1  0.07 0.75 11.75  0.07 0.7 12  0.07 0.7 11.75
T g4_wire_M1  -0.07 0.7 11.75  -0.07 0.7 12  -0.07 0.75 12
T g4_wire_M1  -0.07 0.7 12  0.07 0.75 12  -0.07 0.75 12
T g4_wire_M1  0.07 0.75 11.75  0.07 0.75 12  0.07 0.7 12
T g4_wire_M1  -0.07 0.7 12  0.07 0.7 12  0.07 0.75 12
T g4_wire_M1  -0.07 0.9 11.3333  -0.07 0.9 12  0.07 0.9 12
