0 Refined FastCap file derived from wires_M1oM0_W014_S014_extrapanels3D.lst, referenced in list file wires_M1oM0_W014_S014_extrapanels3D_ref.lst
*
T diel5  -10 0.7 0  -9.75 0.65 0  -10 0.65 0
T diel5  -10 0.65 0  -10 0.7 0.25  -10 0.7 0
T diel5  -10 0.65 0  -10 0.65 0.25  -10 0.7 0.25
T diel5  -10 0.7 0  -9.75 0.7 0  -9.75 0.65 0
T diel5  -9.75 0.7 0  -9.5 0.65 0  -9.75 0.65 0
T diel5  -9.75 0.7 0  -9.5 0.7 0  -9.5 0.65 0
T diel5  -9.5 0.7 0  -9.25 0.65 0  -9.5 0.65 0
T diel5  -10 0.65 0.25  -10 0.7 0.5  -10 0.7 0.25
T diel5  -10 0.65 0.25  -10 0.65 0.5  -10 0.7 0.5
T diel5  -10 0.65 0.5  -10 0.7 0.75  -10 0.7 0.5
T diel5  -10 0.65 0.5  -10 0.65 0.75  -10 0.7 0.75
T diel5  -10 0.65 0.75  -10 0.7 1  -10 0.7 0.75
T diel5  -10 0.65 0.75  -10 0.65 1  -10 0.7 1
T diel5  -10 0.65 1  -10 0.7 1.25  -10 0.7 1
T diel5  -10 0.65 1  -10 0.65 1.25  -10 0.7 1.25
T diel5  -9.5 0.7 0  -9.25 0.7 0  -9.25 0.65 0
T diel5  -9.25 0.7 0  -9 0.65 0  -9.25 0.65 0
T diel5  -9.25 0.7 0  -9 0.7 0  -9 0.65 0
T diel5  -9 0.7 0  -8.75 0.65 0  -9 0.65 0
T diel5  -9 0.7 0  -8.75 0.7 0  -8.75 0.65 0
T diel5  -8.75 0.7 0  -8.5 0.65 0  -8.75 0.65 0
T diel5  -8.75 0.7 0  -8.5 0.7 0  -8.5 0.65 0
T diel5  -8.5 0.7 0  -8.25 0.65 0  -8.5 0.65 0
T diel5  -8.5 0.7 0  -8.25 0.7 0  -8.25 0.65 0
T diel5  -8.25 0.7 0  -8 0.65 0  -8.25 0.65 0
T diel5  -8.25 0.7 0  -8 0.7 0  -8 0.65 0
T diel5  -8 0.7 0  -7.75 0.65 0  -8 0.65 0
T diel5  -8 0.7 0  -7.75 0.7 0  -7.75 0.65 0
T diel5  -7.75 0.7 0  -7.5 0.65 0  -7.75 0.65 0
T diel5  -7.75 0.7 0  -7.5 0.7 0  -7.5 0.65 0
T diel5  -10 0.65 1.25  -10 0.7 1.5  -10 0.7 1.25
T diel5  -10 0.65 1.25  -10 0.65 1.5  -10 0.7 1.5
T diel5  -10 0.65 1.5  -10 0.7 1.75  -10 0.7 1.5
T diel5  -10 0.65 1.5  -10 0.65 1.75  -10 0.7 1.75
T diel5  -10 0.65 1.75  -10 0.7 2  -10 0.7 1.75
T diel5  -10 0.65 1.75  -10 0.65 2  -10 0.7 2
T diel5  -10 0.65 2  -10 0.7 2.25  -10 0.7 2
T diel5  -10 0.65 2  -10 0.65 2.25  -10 0.7 2.25
T diel5  -10 0.65 2.25  -10 0.7 2.5  -10 0.7 2.25
T diel5  -10 0.65 2.25  -10 0.65 2.5  -10 0.7 2.5
T diel5  -10 0.65 2.5  -10 0.7 2.75  -10 0.7 2.5
T diel5  -10 0.65 2.5  -10 0.65 2.75  -10 0.7 2.75
T diel5  -10 0.65 2.75  -10 0.7 3  -10 0.7 2.75
T diel5  -10 0.65 2.75  -10 0.65 3  -10 0.7 3
T diel5  -10 0.65 3  -10 0.7 3.25  -10 0.7 3
T diel5  -10 0.65 3  -10 0.65 3.25  -10 0.7 3.25
T diel5  -10 0.65 3.25  -10 0.7 3.5  -10 0.7 3.25
T diel5  -10 0.65 3.25  -10 0.65 3.5  -10 0.7 3.5
T diel5  -10 0.65 3.5  -10 0.7 3.75  -10 0.7 3.5
T diel5  -10 0.65 3.5  -10 0.65 3.75  -10 0.7 3.75
T diel5  -10 0.65 3.75  -10 0.7 4  -10 0.7 3.75
T diel5  -10 0.65 3.75  -10 0.65 4  -10 0.7 4
T diel5  -10 0.65 4  -10 0.7 4.25  -10 0.7 4
T diel5  -10 0.65 4  -10 0.65 4.25  -10 0.7 4.25
T diel5  -10 0.65 4.25  -10 0.7 4.5  -10 0.7 4.25
T diel5  -10 0.65 4.25  -10 0.65 4.5  -10 0.7 4.5
T diel5  -10 0.65 4.5  -10 0.7 4.75  -10 0.7 4.5
T diel5  -10 0.65 4.5  -10 0.65 4.75  -10 0.7 4.75
T diel5  -10 0.65 4.75  -10 0.7 5  -10 0.7 4.75
T diel5  -10 0.65 4.75  -10 0.65 5  -10 0.7 5
T diel5  -7.5 0.7 0  -7.25 0.65 0  -7.5 0.65 0
T diel5  -7.5 0.7 0  -7.25 0.7 0  -7.25 0.65 0
T diel5  -7.25 0.7 0  -7 0.65 0  -7.25 0.65 0
T diel5  -7.25 0.7 0  -7 0.7 0  -7 0.65 0
T diel5  -7 0.7 0  -6.75 0.65 0  -7 0.65 0
T diel5  -7 0.7 0  -6.75 0.7 0  -6.75 0.65 0
T diel5  -6.75 0.7 0  -6.5 0.65 0  -6.75 0.65 0
T diel5  -6.75 0.7 0  -6.5 0.7 0  -6.5 0.65 0
T diel5  -6.5 0.7 0  -6.25 0.65 0  -6.5 0.65 0
T diel5  -6.5 0.7 0  -6.25 0.7 0  -6.25 0.65 0
T diel5  -6.25 0.7 0  -6 0.65 0  -6.25 0.65 0
T diel5  -6.25 0.7 0  -6 0.7 0  -6 0.65 0
T diel5  -6 0.7 0  -5.75 0.65 0  -6 0.65 0
T diel5  -6 0.7 0  -5.75 0.7 0  -5.75 0.65 0
T diel5  -5.75 0.7 0  -5.5 0.65 0  -5.75 0.65 0
T diel5  -5.75 0.7 0  -5.5 0.7 0  -5.5 0.65 0
T diel5  -5.5 0.7 0  -5.25 0.65 0  -5.5 0.65 0
T diel5  -5.5 0.7 0  -5.25 0.7 0  -5.25 0.65 0
T diel5  -5.25 0.7 0  -5 0.65 0  -5.25 0.65 0
T diel5  -5.25 0.7 0  -5 0.7 0  -5 0.65 0
T diel5  -5 0.7 0  -4.75 0.65 0  -5 0.65 0
T diel5  -5 0.7 0  -4.75 0.7 0  -4.75 0.65 0
T diel5  -4.75 0.7 0  -4.5 0.65 0  -4.75 0.65 0
T diel5  -4.75 0.7 0  -4.5 0.7 0  -4.5 0.65 0
T diel5  -4.5 0.7 0  -4.25 0.65 0  -4.5 0.65 0
T diel5  -4.5 0.7 0  -4.25 0.7 0  -4.25 0.65 0
T diel5  -4.25 0.7 0  -4 0.65 0  -4.25 0.65 0
T diel5  -4.25 0.7 0  -4 0.7 0  -4 0.65 0
T diel5  -4 0.7 0  -3.75 0.65 0  -4 0.65 0
T diel5  -4 0.7 0  -3.75 0.7 0  -3.75 0.65 0
T diel5  -3.75 0.7 0  -3.5 0.65 0  -3.75 0.65 0
T diel5  -3.75 0.7 0  -3.5 0.7 0  -3.5 0.65 0
T diel5  -3.5 0.7 0  -3.25 0.65 0  -3.5 0.65 0
T diel5  -3.5 0.7 0  -3.25 0.7 0  -3.25 0.65 0
T diel5  -3.25 0.7 0  -3 0.65 0  -3.25 0.65 0
T diel5  -3.25 0.7 0  -3 0.7 0  -3 0.65 0
T diel5  -3 0.7 0  -2.75 0.65 0  -3 0.65 0
T diel5  -3 0.7 0  -2.75 0.7 0  -2.75 0.65 0
T diel5  -2.75 0.7 0  -2.5 0.65 0  -2.75 0.65 0
T diel5  -2.75 0.7 0  -2.5 0.7 0  -2.5 0.65 0
T diel5  -2.5 0.7 0  -2.25 0.65 0  -2.5 0.65 0
T diel5  -2.5 0.7 0  -2.25 0.7 0  -2.25 0.65 0
T diel5  -2.25 0.7 0  -2 0.65 0  -2.25 0.65 0
T diel5  -2.25 0.7 0  -2 0.7 0  -2 0.65 0
T diel5  -2 0.7 0  -1.75 0.65 0  -2 0.65 0
T diel5  -2 0.7 0  -1.75 0.7 0  -1.75 0.65 0
T diel5  -1.75 0.7 0  -1.5 0.65 0  -1.75 0.65 0
T diel5  -1.75 0.7 0  -1.5 0.7 0  -1.5 0.65 0
T diel5  -1.5 0.7 0  -1.25 0.65 0  -1.5 0.65 0
T diel5  -1.5 0.7 0  -1.25 0.7 0  -1.25 0.65 0
T diel5  -1.25 0.7 0  -1 0.65 0  -1.25 0.65 0
T diel5  -1.25 0.7 0  -1 0.7 0  -1 0.65 0
T diel5  -1 0.7 0  -0.75 0.65 0  -1 0.65 0
T diel5  -1 0.7 0  -0.75 0.7 0  -0.75 0.65 0
T diel5  -0.75 0.7 0  -0.5 0.65 0  -0.75 0.65 0
T diel5  -0.75 0.7 0  -0.5 0.7 0  -0.5 0.65 0
T diel5  -0.5 0.7 0  -0.25 0.65 0  -0.5 0.65 0
T diel5  -0.5 0.7 0  -0.25 0.7 0  -0.25 0.65 0
T diel5  -0.25 0.7 0  0 0.65 0  -0.25 0.65 0
T diel5  -0.25 0.7 0  0 0.7 0  0 0.65 0
T diel5  -10 0.65 5  -10 0.7 5.25  -10 0.7 5
T diel5  -10 0.65 5  -10 0.65 5.25  -10 0.7 5.25
T diel5  -10 0.65 5.25  -10 0.7 5.5  -10 0.7 5.25
T diel5  -10 0.65 5.25  -10 0.65 5.5  -10 0.7 5.5
T diel5  -10 0.65 5.5  -10 0.7 5.75  -10 0.7 5.5
T diel5  -10 0.65 5.5  -10 0.65 5.75  -10 0.7 5.75
T diel5  -10 0.65 5.75  -10 0.7 6  -10 0.7 5.75
T diel5  -10 0.65 5.75  -10 0.65 6  -10 0.7 6
T diel5  -10 0.65 6  -10 0.7 6.25  -10 0.7 6
T diel5  -10 0.65 6  -10 0.65 6.25  -10 0.7 6.25
T diel5  -10 0.65 6.25  -10 0.7 6.5  -10 0.7 6.25
T diel5  -10 0.65 6.25  -10 0.65 6.5  -10 0.7 6.5
T diel5  -10 0.65 6.5  -10 0.7 6.75  -10 0.7 6.5
T diel5  -10 0.65 6.5  -10 0.65 6.75  -10 0.7 6.75
T diel5  -10 0.65 6.75  -10 0.7 7  -10 0.7 6.75
T diel5  -10 0.65 6.75  -10 0.65 7  -10 0.7 7
T diel5  -10 0.65 7  -10 0.7 7.25  -10 0.7 7
T diel5  -10 0.65 7  -10 0.65 7.25  -10 0.7 7.25
T diel5  -10 0.65 7.25  -10 0.7 7.5  -10 0.7 7.25
T diel5  -10 0.65 7.25  -10 0.65 7.5  -10 0.7 7.5
T diel5  -10 0.65 7.5  -10 0.7 7.75  -10 0.7 7.5
T diel5  -10 0.65 7.5  -10 0.65 7.75  -10 0.7 7.75
T diel5  -10 0.65 7.75  -10 0.7 8  -10 0.7 7.75
T diel5  -10 0.65 7.75  -10 0.65 8  -10 0.7 8
T diel5  -10 0.65 8  -10 0.7 8.25  -10 0.7 8
T diel5  -10 0.65 8  -10 0.65 8.25  -10 0.7 8.25
T diel5  -10 0.65 8.25  -10 0.7 8.5  -10 0.7 8.25
T diel5  -10 0.65 8.25  -10 0.65 8.5  -10 0.7 8.5
T diel5  -10 0.65 8.5  -10 0.7 8.75  -10 0.7 8.5
T diel5  -10 0.65 8.5  -10 0.65 8.75  -10 0.7 8.75
T diel5  -10 0.65 8.75  -10 0.7 9  -10 0.7 8.75
T diel5  -10 0.65 8.75  -10 0.65 9  -10 0.7 9
T diel5  -10 0.65 9  -10 0.7 9.25  -10 0.7 9
T diel5  -10 0.65 9  -10 0.65 9.25  -10 0.7 9.25
T diel5  -10 0.65 9.25  -10 0.7 9.5  -10 0.7 9.25
T diel5  -10 0.65 9.25  -10 0.65 9.5  -10 0.7 9.5
T diel5  -10 0.65 9.5  -10 0.7 9.75  -10 0.7 9.5
T diel5  -10 0.65 9.5  -10 0.65 9.75  -10 0.7 9.75
T diel5  -10 0.65 9.75  -10 0.7 10  -10 0.7 9.75
T diel5  -10 0.65 9.75  -10 0.65 10  -10 0.7 10
T diel5  -10 0.65 10  -10 0.7 10.25  -10 0.7 10
T diel5  -10 0.65 10  -10 0.65 10.25  -10 0.7 10.25
T diel5  -10 0.65 10.25  -10 0.7 10.5  -10 0.7 10.25
T diel5  -10 0.65 10.25  -10 0.65 10.5  -10 0.7 10.5
T diel5  -10 0.65 10.5  -10 0.7 10.75  -10 0.7 10.5
T diel5  -10 0.65 10.5  -10 0.65 10.75  -10 0.7 10.75
T diel5  -10 0.65 10.75  -10 0.7 11  -10 0.7 10.75
T diel5  -10 0.65 10.75  -10 0.65 11  -10 0.7 11
T diel5  -10 0.65 11  -10 0.7 11.25  -10 0.7 11
T diel5  -10 0.65 11  -10 0.65 11.25  -10 0.7 11.25
T diel5  -10 0.65 11.25  -10 0.7 11.5  -10 0.7 11.25
T diel5  -10 0.65 11.25  -10 0.65 11.5  -10 0.7 11.5
T diel5  -10 0.65 11.5  -10 0.7 11.75  -10 0.7 11.5
T diel5  -10 0.65 11.5  -10 0.65 11.75  -10 0.7 11.75
T diel5  -10 0.65 11.75  -10 0.7 12  -10 0.7 11.75
T diel5  -10 0.65 11.75  -10 0.65 12  -10 0.7 12
T diel5  -10 0.65 12  -10 0.7 12.25  -10 0.7 12
T diel5  -10 0.65 12  -10 0.65 12.25  -10 0.7 12.25
T diel5  -10 0.65 12.25  -10 0.7 12.5  -10 0.7 12.25
T diel5  -10 0.65 12.25  -10 0.65 12.5  -10 0.7 12.5
T diel5  -10 0.65 12.5  -10 0.7 12.75  -10 0.7 12.5
T diel5  -10 0.65 12.5  -10 0.65 12.75  -10 0.7 12.75
T diel5  -10 0.65 12.75  -10 0.7 13  -10 0.7 12.75
T diel5  -10 0.65 12.75  -10 0.65 13  -10 0.7 13
T diel5  -10 0.65 13  -10 0.7 13.25  -10 0.7 13
T diel5  -10 0.65 13  -10 0.65 13.25  -10 0.7 13.25
T diel5  -10 0.65 13.25  -10 0.7 13.5  -10 0.7 13.25
T diel5  -10 0.65 13.25  -10 0.65 13.5  -10 0.7 13.5
T diel5  -10 0.65 13.5  -10 0.7 13.75  -10 0.7 13.5
T diel5  -10 0.65 13.5  -10 0.65 13.75  -10 0.7 13.75
T diel5  -10 0.65 13.75  -10 0.7 14  -10 0.7 13.75
T diel5  -10 0.65 13.75  -10 0.65 14  -10 0.7 14
T diel5  -10 0.65 14  -10 0.7 14.25  -10 0.7 14
T diel5  -10 0.65 14  -10 0.65 14.25  -10 0.7 14.25
T diel5  -10 0.65 14.25  -10 0.7 14.5  -10 0.7 14.25
T diel5  -10 0.65 14.25  -10 0.65 14.5  -10 0.7 14.5
T diel5  -10 0.65 14.5  -10 0.7 14.75  -10 0.7 14.5
T diel5  -10 0.65 14.5  -10 0.65 14.75  -10 0.7 14.75
T diel5  -10 0.65 14.75  -10 0.7 15  -10 0.7 14.75
T diel5  -10 0.65 14.75  -10 0.65 15  -10 0.7 15
T diel5  -10 0.65 15  -10 0.7 15.25  -10 0.7 15
T diel5  -10 0.65 15  -10 0.65 15.25  -10 0.7 15.25
T diel5  -10 0.65 15.25  -10 0.7 15.5  -10 0.7 15.25
T diel5  -10 0.65 15.25  -10 0.65 15.5  -10 0.7 15.5
T diel5  -10 0.65 15.5  -10 0.7 15.75  -10 0.7 15.5
T diel5  -10 0.65 15.5  -10 0.65 15.75  -10 0.7 15.75
T diel5  -10 0.65 15.75  -10 0.7 16  -10 0.7 15.75
T diel5  -10 0.65 15.75  -10 0.65 16  -10 0.7 16
T diel5  -10 0.65 16  -10 0.7 16.25  -10 0.7 16
T diel5  -10 0.65 16  -10 0.65 16.25  -10 0.7 16.25
T diel5  -10 0.65 16.25  -10 0.7 16.5  -10 0.7 16.25
T diel5  -10 0.65 16.25  -10 0.65 16.5  -10 0.7 16.5
T diel5  -10 0.65 16.5  -10 0.7 16.75  -10 0.7 16.5
T diel5  -10 0.65 16.5  -10 0.65 16.75  -10 0.7 16.75
T diel5  -10 0.65 16.75  -10 0.7 17  -10 0.7 16.75
T diel5  -10 0.65 16.75  -10 0.65 17  -10 0.7 17
T diel5  -10 0.65 17  -10 0.7 17.25  -10 0.7 17
T diel5  -10 0.65 17  -10 0.65 17.25  -10 0.7 17.25
T diel5  -10 0.65 17.25  -10 0.7 17.5  -10 0.7 17.25
T diel5  -10 0.65 17.25  -10 0.65 17.5  -10 0.7 17.5
T diel5  -10 0.65 17.5  -10 0.7 17.75  -10 0.7 17.5
T diel5  -10 0.65 17.5  -10 0.65 17.75  -10 0.7 17.75
T diel5  -10 0.65 17.75  -10 0.7 18  -10 0.7 17.75
T diel5  -10 0.65 17.75  -10 0.65 18  -10 0.7 18
T diel5  -10 0.65 18  -10 0.7 18.25  -10 0.7 18
T diel5  -10 0.65 18  -10 0.65 18.25  -10 0.7 18.25
T diel5  -10 0.65 18.25  -10 0.7 18.5  -10 0.7 18.25
T diel5  -10 0.65 18.25  -10 0.65 18.5  -10 0.7 18.5
T diel5  -10 0.65 18.5  -10 0.7 18.75  -10 0.7 18.5
T diel5  -10 0.65 18.5  -10 0.65 18.75  -10 0.7 18.75
T diel5  -10 0.65 18.75  -10 0.7 19  -10 0.7 18.75
T diel5  -10 0.65 18.75  -10 0.65 19  -10 0.7 19
T diel5  -10 0.65 19  -10 0.7 19.25  -10 0.7 19
T diel5  -10 0.65 19  -10 0.65 19.25  -10 0.7 19.25
T diel5  -10 0.65 19.25  -10 0.7 19.5  -10 0.7 19.25
T diel5  -10 0.65 19.25  -10 0.65 19.5  -10 0.7 19.5
T diel5  -10 0.65 19.5  -10 0.7 19.75  -10 0.7 19.5
T diel5  -10 0.65 19.5  -10 0.65 19.75  -10 0.7 19.75
T diel5  -10 0.65 19.75  -10 0.7 20  -10 0.7 19.75
T diel5  -10 0.65 19.75  -10 0.65 20  -10 0.7 20
T diel5  -10 0.65 20  -9.75 0.7 20  -10 0.7 20
T diel5  -10 0.65 20  -9.75 0.65 20  -9.75 0.7 20
T diel5  -9.75 0.65 20  -9.5 0.7 20  -9.75 0.7 20
T diel5  -9.75 0.65 20  -9.5 0.65 20  -9.5 0.7 20
T diel5  -9.5 0.65 20  -9.25 0.7 20  -9.5 0.7 20
T diel5  -9.5 0.65 20  -9.25 0.65 20  -9.25 0.7 20
T diel5  -9.25 0.65 20  -9 0.7 20  -9.25 0.7 20
T diel5  -9.25 0.65 20  -9 0.65 20  -9 0.7 20
T diel5  -9 0.65 20  -8.75 0.7 20  -9 0.7 20
T diel5  -9 0.65 20  -8.75 0.65 20  -8.75 0.7 20
T diel5  -8.75 0.65 20  -8.5 0.7 20  -8.75 0.7 20
T diel5  -8.75 0.65 20  -8.5 0.65 20  -8.5 0.7 20
T diel5  -8.5 0.65 20  -8.25 0.7 20  -8.5 0.7 20
T diel5  -8.5 0.65 20  -8.25 0.65 20  -8.25 0.7 20
T diel5  -8.25 0.65 20  -8 0.7 20  -8.25 0.7 20
T diel5  -8.25 0.65 20  -8 0.65 20  -8 0.7 20
T diel5  -8 0.65 20  -7.75 0.7 20  -8 0.7 20
T diel5  -8 0.65 20  -7.75 0.65 20  -7.75 0.7 20
T diel5  -7.75 0.65 20  -7.5 0.7 20  -7.75 0.7 20
T diel5  -7.75 0.65 20  -7.5 0.65 20  -7.5 0.7 20
T diel5  -7.5 0.65 20  -7.25 0.7 20  -7.5 0.7 20
T diel5  -7.5 0.65 20  -7.25 0.65 20  -7.25 0.7 20
T diel5  -7.25 0.65 20  -7 0.7 20  -7.25 0.7 20
T diel5  -7.25 0.65 20  -7 0.65 20  -7 0.7 20
T diel5  -7 0.65 20  -6.75 0.7 20  -7 0.7 20
T diel5  -7 0.65 20  -6.75 0.65 20  -6.75 0.7 20
T diel5  -6.75 0.65 20  -6.5 0.7 20  -6.75 0.7 20
T diel5  -6.75 0.65 20  -6.5 0.65 20  -6.5 0.7 20
T diel5  -6.5 0.65 20  -6.25 0.7 20  -6.5 0.7 20
T diel5  -6.5 0.65 20  -6.25 0.65 20  -6.25 0.7 20
T diel5  -6.25 0.65 20  -6 0.7 20  -6.25 0.7 20
T diel5  -6.25 0.65 20  -6 0.65 20  -6 0.7 20
T diel5  -6 0.65 20  -5.75 0.7 20  -6 0.7 20
T diel5  -6 0.65 20  -5.75 0.65 20  -5.75 0.7 20
T diel5  -5.75 0.65 20  -5.5 0.7 20  -5.75 0.7 20
T diel5  -5.75 0.65 20  -5.5 0.65 20  -5.5 0.7 20
T diel5  -5.5 0.65 20  -5.25 0.7 20  -5.5 0.7 20
T diel5  -5.5 0.65 20  -5.25 0.65 20  -5.25 0.7 20
T diel5  -5.25 0.65 20  -5 0.7 20  -5.25 0.7 20
T diel5  -5.25 0.65 20  -5 0.65 20  -5 0.7 20
T diel5  -5 0.65 20  -4.75 0.7 20  -5 0.7 20
T diel5  -5 0.65 20  -4.75 0.65 20  -4.75 0.7 20
T diel5  -4.75 0.65 20  -4.5 0.7 20  -4.75 0.7 20
T diel5  -4.75 0.65 20  -4.5 0.65 20  -4.5 0.7 20
T diel5  -4.5 0.65 20  -4.25 0.7 20  -4.5 0.7 20
T diel5  -4.5 0.65 20  -4.25 0.65 20  -4.25 0.7 20
T diel5  -4.25 0.65 20  -4 0.7 20  -4.25 0.7 20
T diel5  -4.25 0.65 20  -4 0.65 20  -4 0.7 20
T diel5  -4 0.65 20  -3.75 0.7 20  -4 0.7 20
T diel5  -4 0.65 20  -3.75 0.65 20  -3.75 0.7 20
T diel5  -3.75 0.65 20  -3.5 0.7 20  -3.75 0.7 20
T diel5  -3.75 0.65 20  -3.5 0.65 20  -3.5 0.7 20
T diel5  -3.5 0.65 20  -3.25 0.7 20  -3.5 0.7 20
T diel5  -3.5 0.65 20  -3.25 0.65 20  -3.25 0.7 20
T diel5  -3.25 0.65 20  -3 0.7 20  -3.25 0.7 20
T diel5  -3.25 0.65 20  -3 0.65 20  -3 0.7 20
T diel5  -3 0.65 20  -2.75 0.7 20  -3 0.7 20
T diel5  -3 0.65 20  -2.75 0.65 20  -2.75 0.7 20
T diel5  -2.75 0.65 20  -2.5 0.7 20  -2.75 0.7 20
T diel5  -2.75 0.65 20  -2.5 0.65 20  -2.5 0.7 20
T diel5  -2.5 0.65 20  -2.25 0.7 20  -2.5 0.7 20
T diel5  -2.5 0.65 20  -2.25 0.65 20  -2.25 0.7 20
T diel5  -2.25 0.65 20  -2 0.7 20  -2.25 0.7 20
T diel5  -2.25 0.65 20  -2 0.65 20  -2 0.7 20
T diel5  -2 0.65 20  -1.75 0.7 20  -2 0.7 20
T diel5  -2 0.65 20  -1.75 0.65 20  -1.75 0.7 20
T diel5  -1.75 0.65 20  -1.5 0.7 20  -1.75 0.7 20
T diel5  -1.75 0.65 20  -1.5 0.65 20  -1.5 0.7 20
T diel5  -1.5 0.65 20  -1.25 0.7 20  -1.5 0.7 20
T diel5  -1.5 0.65 20  -1.25 0.65 20  -1.25 0.7 20
T diel5  -1.25 0.65 20  -1 0.7 20  -1.25 0.7 20
T diel5  -1.25 0.65 20  -1 0.65 20  -1 0.7 20
T diel5  -1 0.65 20  -0.75 0.7 20  -1 0.7 20
T diel5  -1 0.65 20  -0.75 0.65 20  -0.75 0.7 20
T diel5  -0.75 0.65 20  -0.5 0.7 20  -0.75 0.7 20
T diel5  -0.75 0.65 20  -0.5 0.65 20  -0.5 0.7 20
T diel5  -0.5 0.65 20  -0.25 0.7 20  -0.5 0.7 20
T diel5  -0.5 0.65 20  -0.25 0.65 20  -0.25 0.7 20
T diel5  -0.25 0.65 20  0 0.7 20  -0.25 0.7 20
T diel5  -0.25 0.65 20  0 0.65 20  0 0.7 20
T diel5  0 0.7 0  0.25 0.65 0  0 0.65 0
T diel5  0 0.7 0  0.25 0.7 0  0.25 0.65 0
T diel5  0.25 0.7 0  0.5 0.65 0  0.25 0.65 0
T diel5  0.25 0.7 0  0.5 0.7 0  0.5 0.65 0
T diel5  0.5 0.7 0  0.75 0.65 0  0.5 0.65 0
T diel5  0.5 0.7 0  0.75 0.7 0  0.75 0.65 0
T diel5  0.75 0.7 0  1 0.65 0  0.75 0.65 0
T diel5  0.75 0.7 0  1 0.7 0  1 0.65 0
T diel5  1 0.7 0  1.25 0.65 0  1 0.65 0
T diel5  1 0.7 0  1.25 0.7 0  1.25 0.65 0
T diel5  1.25 0.7 0  1.5 0.65 0  1.25 0.65 0
T diel5  1.25 0.7 0  1.5 0.7 0  1.5 0.65 0
T diel5  1.5 0.7 0  1.75 0.65 0  1.5 0.65 0
T diel5  1.5 0.7 0  1.75 0.7 0  1.75 0.65 0
T diel5  1.75 0.7 0  2 0.65 0  1.75 0.65 0
T diel5  1.75 0.7 0  2 0.7 0  2 0.65 0
T diel5  2 0.7 0  2.25 0.65 0  2 0.65 0
T diel5  2 0.7 0  2.25 0.7 0  2.25 0.65 0
T diel5  2.25 0.7 0  2.5 0.65 0  2.25 0.65 0
T diel5  2.25 0.7 0  2.5 0.7 0  2.5 0.65 0
T diel5  2.5 0.7 0  2.75 0.65 0  2.5 0.65 0
T diel5  2.5 0.7 0  2.75 0.7 0  2.75 0.65 0
T diel5  2.75 0.7 0  3 0.65 0  2.75 0.65 0
T diel5  2.75 0.7 0  3 0.7 0  3 0.65 0
T diel5  3 0.7 0  3.25 0.65 0  3 0.65 0
T diel5  3 0.7 0  3.25 0.7 0  3.25 0.65 0
T diel5  3.25 0.7 0  3.5 0.65 0  3.25 0.65 0
T diel5  3.25 0.7 0  3.5 0.7 0  3.5 0.65 0
T diel5  3.5 0.7 0  3.75 0.65 0  3.5 0.65 0
T diel5  3.5 0.7 0  3.75 0.7 0  3.75 0.65 0
T diel5  3.75 0.7 0  4 0.65 0  3.75 0.65 0
T diel5  3.75 0.7 0  4 0.7 0  4 0.65 0
T diel5  4 0.7 0  4.25 0.65 0  4 0.65 0
T diel5  4 0.7 0  4.25 0.7 0  4.25 0.65 0
T diel5  4.25 0.7 0  4.5 0.65 0  4.25 0.65 0
T diel5  4.25 0.7 0  4.5 0.7 0  4.5 0.65 0
T diel5  4.5 0.7 0  4.75 0.65 0  4.5 0.65 0
T diel5  4.5 0.7 0  4.75 0.7 0  4.75 0.65 0
T diel5  4.75 0.7 0  5 0.65 0  4.75 0.65 0
T diel5  4.75 0.7 0  5 0.7 0  5 0.65 0
T diel5  5 0.7 0  5.25 0.65 0  5 0.65 0
T diel5  5 0.7 0  5.25 0.7 0  5.25 0.65 0
T diel5  5.25 0.7 0  5.5 0.65 0  5.25 0.65 0
T diel5  5.25 0.7 0  5.5 0.7 0  5.5 0.65 0
T diel5  5.5 0.7 0  5.75 0.65 0  5.5 0.65 0
T diel5  5.5 0.7 0  5.75 0.7 0  5.75 0.65 0
T diel5  5.75 0.7 0  6 0.65 0  5.75 0.65 0
T diel5  5.75 0.7 0  6 0.7 0  6 0.65 0
T diel5  6 0.7 0  6.25 0.65 0  6 0.65 0
T diel5  6 0.7 0  6.25 0.7 0  6.25 0.65 0
T diel5  6.25 0.7 0  6.5 0.65 0  6.25 0.65 0
T diel5  6.25 0.7 0  6.5 0.7 0  6.5 0.65 0
T diel5  6.5 0.7 0  6.75 0.65 0  6.5 0.65 0
T diel5  6.5 0.7 0  6.75 0.7 0  6.75 0.65 0
T diel5  6.75 0.7 0  7 0.65 0  6.75 0.65 0
T diel5  6.75 0.7 0  7 0.7 0  7 0.65 0
T diel5  7 0.7 0  7.25 0.65 0  7 0.65 0
T diel5  7 0.7 0  7.25 0.7 0  7.25 0.65 0
T diel5  7.25 0.7 0  7.5 0.65 0  7.25 0.65 0
T diel5  7.25 0.7 0  7.5 0.7 0  7.5 0.65 0
T diel5  7.5 0.7 0  7.75 0.65 0  7.5 0.65 0
T diel5  7.5 0.7 0  7.75 0.7 0  7.75 0.65 0
T diel5  7.75 0.7 0  8 0.65 0  7.75 0.65 0
T diel5  7.75 0.7 0  8 0.7 0  8 0.65 0
T diel5  8 0.7 0  8.25 0.65 0  8 0.65 0
T diel5  8 0.7 0  8.25 0.7 0  8.25 0.65 0
T diel5  8.25 0.7 0  8.5 0.65 0  8.25 0.65 0
T diel5  8.25 0.7 0  8.5 0.7 0  8.5 0.65 0
T diel5  8.5 0.7 0  8.75 0.65 0  8.5 0.65 0
T diel5  8.5 0.7 0  8.75 0.7 0  8.75 0.65 0
T diel5  8.75 0.7 0  9 0.65 0  8.75 0.65 0
T diel5  8.75 0.7 0  9 0.7 0  9 0.65 0
T diel5  9 0.7 0  9.25 0.65 0  9 0.65 0
T diel5  9 0.7 0  9.25 0.7 0  9.25 0.65 0
T diel5  9.25 0.7 0  9.5 0.65 0  9.25 0.65 0
T diel5  9.25 0.7 0  9.5 0.7 0  9.5 0.65 0
T diel5  9.5 0.7 0  9.75 0.65 0  9.5 0.65 0
T diel5  9.5 0.7 0  9.75 0.7 0  9.75 0.65 0
T diel5  9.75 0.7 0  10 0.65 0  9.75 0.65 0
T diel5  9.75 0.7 0  10 0.7 0  10 0.65 0
T diel5  10 0.7 0  10 0.65 0.25  10 0.65 0
T diel5  10 0.7 0  10 0.7 0.25  10 0.65 0.25
T diel5  10 0.7 0.25  10 0.65 0.5  10 0.65 0.25
T diel5  10 0.7 0.25  10 0.7 0.5  10 0.65 0.5
T diel5  10 0.7 0.5  10 0.65 0.75  10 0.65 0.5
T diel5  10 0.7 0.5  10 0.7 0.75  10 0.65 0.75
T diel5  10 0.7 0.75  10 0.65 1  10 0.65 0.75
T diel5  10 0.7 0.75  10 0.7 1  10 0.65 1
T diel5  10 0.7 1  10 0.65 1.25  10 0.65 1
T diel5  10 0.7 1  10 0.7 1.25  10 0.65 1.25
T diel5  10 0.7 1.25  10 0.65 1.5  10 0.65 1.25
T diel5  10 0.7 1.25  10 0.7 1.5  10 0.65 1.5
T diel5  10 0.7 1.5  10 0.65 1.75  10 0.65 1.5
T diel5  10 0.7 1.5  10 0.7 1.75  10 0.65 1.75
T diel5  10 0.7 1.75  10 0.65 2  10 0.65 1.75
T diel5  10 0.7 1.75  10 0.7 2  10 0.65 2
T diel5  10 0.7 2  10 0.65 2.25  10 0.65 2
T diel5  10 0.7 2  10 0.7 2.25  10 0.65 2.25
T diel5  10 0.7 2.25  10 0.65 2.5  10 0.65 2.25
T diel5  10 0.7 2.25  10 0.7 2.5  10 0.65 2.5
T diel5  10 0.7 2.5  10 0.65 2.75  10 0.65 2.5
T diel5  10 0.7 2.5  10 0.7 2.75  10 0.65 2.75
T diel5  10 0.7 2.75  10 0.65 3  10 0.65 2.75
T diel5  10 0.7 2.75  10 0.7 3  10 0.65 3
T diel5  10 0.7 3  10 0.65 3.25  10 0.65 3
T diel5  10 0.7 3  10 0.7 3.25  10 0.65 3.25
T diel5  10 0.7 3.25  10 0.65 3.5  10 0.65 3.25
T diel5  10 0.7 3.25  10 0.7 3.5  10 0.65 3.5
T diel5  10 0.7 3.5  10 0.65 3.75  10 0.65 3.5
T diel5  10 0.7 3.5  10 0.7 3.75  10 0.65 3.75
T diel5  10 0.7 3.75  10 0.65 4  10 0.65 3.75
T diel5  10 0.7 3.75  10 0.7 4  10 0.65 4
T diel5  10 0.7 4  10 0.65 4.25  10 0.65 4
T diel5  10 0.7 4  10 0.7 4.25  10 0.65 4.25
T diel5  10 0.7 4.25  10 0.65 4.5  10 0.65 4.25
T diel5  10 0.7 4.25  10 0.7 4.5  10 0.65 4.5
T diel5  10 0.7 4.5  10 0.65 4.75  10 0.65 4.5
T diel5  10 0.7 4.5  10 0.7 4.75  10 0.65 4.75
T diel5  10 0.7 4.75  10 0.65 5  10 0.65 4.75
T diel5  10 0.7 4.75  10 0.7 5  10 0.65 5
T diel5  10 0.7 5  10 0.65 5.25  10 0.65 5
T diel5  10 0.7 5  10 0.7 5.25  10 0.65 5.25
T diel5  10 0.7 5.25  10 0.65 5.5  10 0.65 5.25
T diel5  10 0.7 5.25  10 0.7 5.5  10 0.65 5.5
T diel5  10 0.7 5.5  10 0.65 5.75  10 0.65 5.5
T diel5  10 0.7 5.5  10 0.7 5.75  10 0.65 5.75
T diel5  10 0.7 5.75  10 0.65 6  10 0.65 5.75
T diel5  10 0.7 5.75  10 0.7 6  10 0.65 6
T diel5  10 0.7 6  10 0.65 6.25  10 0.65 6
T diel5  10 0.7 6  10 0.7 6.25  10 0.65 6.25
T diel5  10 0.7 6.25  10 0.65 6.5  10 0.65 6.25
T diel5  10 0.7 6.25  10 0.7 6.5  10 0.65 6.5
T diel5  10 0.7 6.5  10 0.65 6.75  10 0.65 6.5
T diel5  10 0.7 6.5  10 0.7 6.75  10 0.65 6.75
T diel5  10 0.7 6.75  10 0.65 7  10 0.65 6.75
T diel5  10 0.7 6.75  10 0.7 7  10 0.65 7
T diel5  10 0.7 7  10 0.65 7.25  10 0.65 7
T diel5  10 0.7 7  10 0.7 7.25  10 0.65 7.25
T diel5  10 0.7 7.25  10 0.65 7.5  10 0.65 7.25
T diel5  10 0.7 7.25  10 0.7 7.5  10 0.65 7.5
T diel5  10 0.7 7.5  10 0.65 7.75  10 0.65 7.5
T diel5  10 0.7 7.5  10 0.7 7.75  10 0.65 7.75
T diel5  10 0.7 7.75  10 0.65 8  10 0.65 7.75
T diel5  10 0.7 7.75  10 0.7 8  10 0.65 8
T diel5  10 0.7 8  10 0.65 8.25  10 0.65 8
T diel5  10 0.7 8  10 0.7 8.25  10 0.65 8.25
T diel5  10 0.7 8.25  10 0.65 8.5  10 0.65 8.25
T diel5  10 0.7 8.25  10 0.7 8.5  10 0.65 8.5
T diel5  10 0.7 8.5  10 0.65 8.75  10 0.65 8.5
T diel5  10 0.7 8.5  10 0.7 8.75  10 0.65 8.75
T diel5  10 0.7 8.75  10 0.65 9  10 0.65 8.75
T diel5  10 0.7 8.75  10 0.7 9  10 0.65 9
T diel5  10 0.7 9  10 0.65 9.25  10 0.65 9
T diel5  10 0.7 9  10 0.7 9.25  10 0.65 9.25
T diel5  10 0.7 9.25  10 0.65 9.5  10 0.65 9.25
T diel5  10 0.7 9.25  10 0.7 9.5  10 0.65 9.5
T diel5  10 0.7 9.5  10 0.65 9.75  10 0.65 9.5
T diel5  10 0.7 9.5  10 0.7 9.75  10 0.65 9.75
T diel5  10 0.7 9.75  10 0.65 10  10 0.65 9.75
T diel5  10 0.7 9.75  10 0.7 10  10 0.65 10
T diel5  10 0.7 10  10 0.65 10.25  10 0.65 10
T diel5  10 0.7 10  10 0.7 10.25  10 0.65 10.25
T diel5  10 0.7 10.25  10 0.65 10.5  10 0.65 10.25
T diel5  10 0.7 10.25  10 0.7 10.5  10 0.65 10.5
T diel5  10 0.7 10.5  10 0.65 10.75  10 0.65 10.5
T diel5  10 0.7 10.5  10 0.7 10.75  10 0.65 10.75
T diel5  10 0.7 10.75  10 0.65 11  10 0.65 10.75
T diel5  10 0.7 10.75  10 0.7 11  10 0.65 11
T diel5  10 0.7 11  10 0.65 11.25  10 0.65 11
T diel5  10 0.7 11  10 0.7 11.25  10 0.65 11.25
T diel5  10 0.7 11.25  10 0.65 11.5  10 0.65 11.25
T diel5  10 0.7 11.25  10 0.7 11.5  10 0.65 11.5
T diel5  10 0.7 11.5  10 0.65 11.75  10 0.65 11.5
T diel5  10 0.7 11.5  10 0.7 11.75  10 0.65 11.75
T diel5  10 0.7 11.75  10 0.65 12  10 0.65 11.75
T diel5  10 0.7 11.75  10 0.7 12  10 0.65 12
T diel5  10 0.7 12  10 0.65 12.25  10 0.65 12
T diel5  10 0.7 12  10 0.7 12.25  10 0.65 12.25
T diel5  10 0.7 12.25  10 0.65 12.5  10 0.65 12.25
T diel5  10 0.7 12.25  10 0.7 12.5  10 0.65 12.5
T diel5  10 0.7 12.5  10 0.65 12.75  10 0.65 12.5
T diel5  10 0.7 12.5  10 0.7 12.75  10 0.65 12.75
T diel5  10 0.7 12.75  10 0.65 13  10 0.65 12.75
T diel5  10 0.7 12.75  10 0.7 13  10 0.65 13
T diel5  10 0.7 13  10 0.65 13.25  10 0.65 13
T diel5  10 0.7 13  10 0.7 13.25  10 0.65 13.25
T diel5  10 0.7 13.25  10 0.65 13.5  10 0.65 13.25
T diel5  10 0.7 13.25  10 0.7 13.5  10 0.65 13.5
T diel5  10 0.7 13.5  10 0.65 13.75  10 0.65 13.5
T diel5  10 0.7 13.5  10 0.7 13.75  10 0.65 13.75
T diel5  10 0.7 13.75  10 0.65 14  10 0.65 13.75
T diel5  10 0.7 13.75  10 0.7 14  10 0.65 14
T diel5  10 0.7 14  10 0.65 14.25  10 0.65 14
T diel5  10 0.7 14  10 0.7 14.25  10 0.65 14.25
T diel5  10 0.7 14.25  10 0.65 14.5  10 0.65 14.25
T diel5  10 0.7 14.25  10 0.7 14.5  10 0.65 14.5
T diel5  10 0.7 14.5  10 0.65 14.75  10 0.65 14.5
T diel5  10 0.7 14.5  10 0.7 14.75  10 0.65 14.75
T diel5  10 0.7 14.75  10 0.65 15  10 0.65 14.75
T diel5  10 0.7 14.75  10 0.7 15  10 0.65 15
T diel5  0 0.65 20  0.25 0.7 20  0 0.7 20
T diel5  0 0.65 20  0.25 0.65 20  0.25 0.7 20
T diel5  0.25 0.65 20  0.5 0.7 20  0.25 0.7 20
T diel5  0.25 0.65 20  0.5 0.65 20  0.5 0.7 20
T diel5  0.5 0.65 20  0.75 0.7 20  0.5 0.7 20
T diel5  0.5 0.65 20  0.75 0.65 20  0.75 0.7 20
T diel5  0.75 0.65 20  1 0.7 20  0.75 0.7 20
T diel5  0.75 0.65 20  1 0.65 20  1 0.7 20
T diel5  1 0.65 20  1.25 0.7 20  1 0.7 20
T diel5  1 0.65 20  1.25 0.65 20  1.25 0.7 20
T diel5  1.25 0.65 20  1.5 0.7 20  1.25 0.7 20
T diel5  1.25 0.65 20  1.5 0.65 20  1.5 0.7 20
T diel5  1.5 0.65 20  1.75 0.7 20  1.5 0.7 20
T diel5  1.5 0.65 20  1.75 0.65 20  1.75 0.7 20
T diel5  1.75 0.65 20  2 0.7 20  1.75 0.7 20
T diel5  1.75 0.65 20  2 0.65 20  2 0.7 20
T diel5  2 0.65 20  2.25 0.7 20  2 0.7 20
T diel5  2 0.65 20  2.25 0.65 20  2.25 0.7 20
T diel5  2.25 0.65 20  2.5 0.7 20  2.25 0.7 20
T diel5  2.25 0.65 20  2.5 0.65 20  2.5 0.7 20
T diel5  2.5 0.65 20  2.75 0.7 20  2.5 0.7 20
T diel5  2.5 0.65 20  2.75 0.65 20  2.75 0.7 20
T diel5  2.75 0.65 20  3 0.7 20  2.75 0.7 20
T diel5  2.75 0.65 20  3 0.65 20  3 0.7 20
T diel5  3 0.65 20  3.25 0.7 20  3 0.7 20
T diel5  3 0.65 20  3.25 0.65 20  3.25 0.7 20
T diel5  3.25 0.65 20  3.5 0.7 20  3.25 0.7 20
T diel5  3.25 0.65 20  3.5 0.65 20  3.5 0.7 20
T diel5  3.5 0.65 20  3.75 0.7 20  3.5 0.7 20
T diel5  3.5 0.65 20  3.75 0.65 20  3.75 0.7 20
T diel5  3.75 0.65 20  4 0.7 20  3.75 0.7 20
T diel5  3.75 0.65 20  4 0.65 20  4 0.7 20
T diel5  4 0.65 20  4.25 0.7 20  4 0.7 20
T diel5  4 0.65 20  4.25 0.65 20  4.25 0.7 20
T diel5  4.25 0.65 20  4.5 0.7 20  4.25 0.7 20
T diel5  4.25 0.65 20  4.5 0.65 20  4.5 0.7 20
T diel5  4.5 0.65 20  4.75 0.7 20  4.5 0.7 20
T diel5  4.5 0.65 20  4.75 0.65 20  4.75 0.7 20
T diel5  4.75 0.65 20  5 0.7 20  4.75 0.7 20
T diel5  4.75 0.65 20  5 0.65 20  5 0.7 20
T diel5  10 0.7 15  10 0.65 15.25  10 0.65 15
T diel5  10 0.7 15  10 0.7 15.25  10 0.65 15.25
T diel5  10 0.7 15.25  10 0.65 15.5  10 0.65 15.25
T diel5  10 0.7 15.25  10 0.7 15.5  10 0.65 15.5
T diel5  10 0.7 15.5  10 0.65 15.75  10 0.65 15.5
T diel5  10 0.7 15.5  10 0.7 15.75  10 0.65 15.75
T diel5  10 0.7 15.75  10 0.65 16  10 0.65 15.75
T diel5  10 0.7 15.75  10 0.7 16  10 0.65 16
T diel5  10 0.7 16  10 0.65 16.25  10 0.65 16
T diel5  10 0.7 16  10 0.7 16.25  10 0.65 16.25
T diel5  10 0.7 16.25  10 0.65 16.5  10 0.65 16.25
T diel5  10 0.7 16.25  10 0.7 16.5  10 0.65 16.5
T diel5  10 0.7 16.5  10 0.65 16.75  10 0.65 16.5
T diel5  10 0.7 16.5  10 0.7 16.75  10 0.65 16.75
T diel5  10 0.7 16.75  10 0.65 17  10 0.65 16.75
T diel5  10 0.7 16.75  10 0.7 17  10 0.65 17
T diel5  10 0.7 17  10 0.65 17.25  10 0.65 17
T diel5  10 0.7 17  10 0.7 17.25  10 0.65 17.25
T diel5  10 0.7 17.25  10 0.65 17.5  10 0.65 17.25
T diel5  10 0.7 17.25  10 0.7 17.5  10 0.65 17.5
T diel5  5 0.65 20  5.25 0.7 20  5 0.7 20
T diel5  5 0.65 20  5.25 0.65 20  5.25 0.7 20
T diel5  5.25 0.65 20  5.5 0.7 20  5.25 0.7 20
T diel5  5.25 0.65 20  5.5 0.65 20  5.5 0.7 20
T diel5  5.5 0.65 20  5.75 0.7 20  5.5 0.7 20
T diel5  5.5 0.65 20  5.75 0.65 20  5.75 0.7 20
T diel5  5.75 0.65 20  6 0.7 20  5.75 0.7 20
T diel5  5.75 0.65 20  6 0.65 20  6 0.7 20
T diel5  6 0.65 20  6.25 0.7 20  6 0.7 20
T diel5  6 0.65 20  6.25 0.65 20  6.25 0.7 20
T diel5  6.25 0.65 20  6.5 0.7 20  6.25 0.7 20
T diel5  6.25 0.65 20  6.5 0.65 20  6.5 0.7 20
T diel5  6.5 0.65 20  6.75 0.7 20  6.5 0.7 20
T diel5  6.5 0.65 20  6.75 0.65 20  6.75 0.7 20
T diel5  6.75 0.65 20  7 0.7 20  6.75 0.7 20
T diel5  6.75 0.65 20  7 0.65 20  7 0.7 20
T diel5  7 0.65 20  7.25 0.7 20  7 0.7 20
T diel5  7 0.65 20  7.25 0.65 20  7.25 0.7 20
T diel5  7.25 0.65 20  7.5 0.7 20  7.25 0.7 20
T diel5  7.25 0.65 20  7.5 0.65 20  7.5 0.7 20
T diel5  7.5 0.65 20  7.75 0.7 20  7.5 0.7 20
T diel5  7.5 0.65 20  7.75 0.65 20  7.75 0.7 20
T diel5  7.75 0.65 20  8 0.7 20  7.75 0.7 20
T diel5  7.75 0.65 20  8 0.65 20  8 0.7 20
T diel5  8 0.65 20  8.25 0.7 20  8 0.7 20
T diel5  8 0.65 20  8.25 0.65 20  8.25 0.7 20
T diel5  8.25 0.65 20  8.5 0.7 20  8.25 0.7 20
T diel5  8.25 0.65 20  8.5 0.65 20  8.5 0.7 20
T diel5  8.5 0.65 20  8.75 0.7 20  8.5 0.7 20
T diel5  8.5 0.65 20  8.75 0.65 20  8.75 0.7 20
T diel5  10 0.7 17.5  10 0.65 17.75  10 0.65 17.5
T diel5  10 0.7 17.5  10 0.7 17.75  10 0.65 17.75
T diel5  10 0.7 17.75  10 0.65 18  10 0.65 17.75
T diel5  10 0.7 17.75  10 0.7 18  10 0.65 18
T diel5  10 0.7 18  10 0.65 18.25  10 0.65 18
T diel5  10 0.7 18  10 0.7 18.25  10 0.65 18.25
T diel5  10 0.7 18.25  10 0.65 18.5  10 0.65 18.25
T diel5  10 0.7 18.25  10 0.7 18.5  10 0.65 18.5
T diel5  10 0.7 18.5  10 0.65 18.75  10 0.65 18.5
T diel5  10 0.7 18.5  10 0.7 18.75  10 0.65 18.75
T diel5  8.75 0.65 20  9 0.7 20  8.75 0.7 20
T diel5  8.75 0.65 20  9 0.65 20  9 0.7 20
T diel5  9 0.65 20  9.25 0.7 20  9 0.7 20
T diel5  9 0.65 20  9.25 0.65 20  9.25 0.7 20
T diel5  9.25 0.65 20  9.5 0.7 20  9.25 0.7 20
T diel5  10 0.7 18.75  10 0.65 19  10 0.65 18.75
T diel5  10 0.7 18.75  10 0.7 19  10 0.65 19
T diel5  10 0.7 19  10 0.65 19.25  10 0.65 19
T diel5  10 0.7 19  10 0.7 19.25  10 0.65 19.25
T diel5  10 0.7 19.25  10 0.65 19.5  10 0.65 19.25
T diel5  10 0.7 19.25  10 0.7 19.5  10 0.65 19.5
T diel5  9.25 0.65 20  9.5 0.65 20  9.5 0.7 20
T diel5  9.5 0.65 20  9.75 0.7 20  9.5 0.7 20
T diel5  9.5 0.65 20  9.75 0.65 20  9.75 0.7 20
T diel5  10 0.7 19.5  10 0.65 19.75  10 0.65 19.5
T diel5  10 0.7 19.5  10 0.7 19.75  10 0.65 19.75
T diel5  9.75 0.65 20  10 0.7 20  9.75 0.7 20
T diel5  10 0.7 19.75  10 0.65 20  10 0.65 19.75
T diel5  10 0.7 19.75  10 0.7 20  10 0.65 20
T diel5  9.75 0.65 20  10 0.65 20  10 0.7 20
