0 Refined FastCap file derived from wires_M1oM0_W014_S014_extrapanels3D.lst, referenced in list file wires_M1oM0_W014_S014_extrapanels3D_ref.lst
*
T diel2  -10 0.3 0  -9.75 0.25 0  -10 0.25 0
T diel2  -10 0.25 0  -10 0.3 0.25  -10 0.3 0
T diel2  -10 0.25 0  -10 0.25 0.25  -10 0.3 0.25
T diel2  -10 0.3 0  -9.75 0.3 0  -9.75 0.25 0
T diel2  -9.75 0.3 0  -9.5 0.25 0  -9.75 0.25 0
T diel2  -9.75 0.3 0  -9.5 0.3 0  -9.5 0.25 0
T diel2  -9.5 0.3 0  -9.25 0.25 0  -9.5 0.25 0
T diel2  -10 0.25 0.25  -10 0.3 0.5  -10 0.3 0.25
T diel2  -10 0.25 0.25  -10 0.25 0.5  -10 0.3 0.5
T diel2  -10 0.25 0.5  -10 0.3 0.75  -10 0.3 0.5
T diel2  -10 0.25 0.5  -10 0.25 0.75  -10 0.3 0.75
T diel2  -10 0.25 0.75  -10 0.3 1  -10 0.3 0.75
T diel2  -10 0.25 0.75  -10 0.25 1  -10 0.3 1
T diel2  -10 0.25 1  -10 0.3 1.25  -10 0.3 1
T diel2  -10 0.25 1  -10 0.25 1.25  -10 0.3 1.25
T diel2  -9.5 0.3 0  -9.25 0.3 0  -9.25 0.25 0
T diel2  -9.25 0.3 0  -9 0.25 0  -9.25 0.25 0
T diel2  -9.25 0.3 0  -9 0.3 0  -9 0.25 0
T diel2  -9 0.3 0  -8.75 0.25 0  -9 0.25 0
T diel2  -9 0.3 0  -8.75 0.3 0  -8.75 0.25 0
T diel2  -8.75 0.3 0  -8.5 0.25 0  -8.75 0.25 0
T diel2  -8.75 0.3 0  -8.5 0.3 0  -8.5 0.25 0
T diel2  -8.5 0.3 0  -8.25 0.25 0  -8.5 0.25 0
T diel2  -8.5 0.3 0  -8.25 0.3 0  -8.25 0.25 0
T diel2  -8.25 0.3 0  -8 0.25 0  -8.25 0.25 0
T diel2  -8.25 0.3 0  -8 0.3 0  -8 0.25 0
T diel2  -8 0.3 0  -7.75 0.25 0  -8 0.25 0
T diel2  -8 0.3 0  -7.75 0.3 0  -7.75 0.25 0
T diel2  -7.75 0.3 0  -7.5 0.25 0  -7.75 0.25 0
T diel2  -7.75 0.3 0  -7.5 0.3 0  -7.5 0.25 0
T diel2  -10 0.25 1.25  -10 0.3 1.5  -10 0.3 1.25
T diel2  -10 0.25 1.25  -10 0.25 1.5  -10 0.3 1.5
T diel2  -10 0.25 1.5  -10 0.3 1.75  -10 0.3 1.5
T diel2  -10 0.25 1.5  -10 0.25 1.75  -10 0.3 1.75
T diel2  -10 0.25 1.75  -10 0.3 2  -10 0.3 1.75
T diel2  -10 0.25 1.75  -10 0.25 2  -10 0.3 2
T diel2  -10 0.25 2  -10 0.3 2.25  -10 0.3 2
T diel2  -10 0.25 2  -10 0.25 2.25  -10 0.3 2.25
T diel2  -10 0.25 2.25  -10 0.3 2.5  -10 0.3 2.25
T diel2  -10 0.25 2.25  -10 0.25 2.5  -10 0.3 2.5
T diel2  -10 0.25 2.5  -10 0.3 2.75  -10 0.3 2.5
T diel2  -10 0.25 2.5  -10 0.25 2.75  -10 0.3 2.75
T diel2  -10 0.25 2.75  -10 0.3 3  -10 0.3 2.75
T diel2  -10 0.25 2.75  -10 0.25 3  -10 0.3 3
T diel2  -10 0.25 3  -10 0.3 3.25  -10 0.3 3
T diel2  -10 0.25 3  -10 0.25 3.25  -10 0.3 3.25
T diel2  -10 0.25 3.25  -10 0.3 3.5  -10 0.3 3.25
T diel2  -10 0.25 3.25  -10 0.25 3.5  -10 0.3 3.5
T diel2  -10 0.25 3.5  -10 0.3 3.75  -10 0.3 3.5
T diel2  -10 0.25 3.5  -10 0.25 3.75  -10 0.3 3.75
T diel2  -10 0.25 3.75  -10 0.3 4  -10 0.3 3.75
T diel2  -10 0.25 3.75  -10 0.25 4  -10 0.3 4
T diel2  -10 0.25 4  -10 0.3 4.25  -10 0.3 4
T diel2  -10 0.25 4  -10 0.25 4.25  -10 0.3 4.25
T diel2  -10 0.25 4.25  -10 0.3 4.5  -10 0.3 4.25
T diel2  -10 0.25 4.25  -10 0.25 4.5  -10 0.3 4.5
T diel2  -10 0.25 4.5  -10 0.3 4.75  -10 0.3 4.5
T diel2  -10 0.25 4.5  -10 0.25 4.75  -10 0.3 4.75
T diel2  -10 0.25 4.75  -10 0.3 5  -10 0.3 4.75
T diel2  -10 0.25 4.75  -10 0.25 5  -10 0.3 5
T diel2  -7.5 0.3 0  -7.25 0.25 0  -7.5 0.25 0
T diel2  -7.5 0.3 0  -7.25 0.3 0  -7.25 0.25 0
T diel2  -7.25 0.3 0  -7 0.25 0  -7.25 0.25 0
T diel2  -7.25 0.3 0  -7 0.3 0  -7 0.25 0
T diel2  -7 0.3 0  -6.75 0.25 0  -7 0.25 0
T diel2  -7 0.3 0  -6.75 0.3 0  -6.75 0.25 0
T diel2  -6.75 0.3 0  -6.5 0.25 0  -6.75 0.25 0
T diel2  -6.75 0.3 0  -6.5 0.3 0  -6.5 0.25 0
T diel2  -6.5 0.3 0  -6.25 0.25 0  -6.5 0.25 0
T diel2  -6.5 0.3 0  -6.25 0.3 0  -6.25 0.25 0
T diel2  -6.25 0.3 0  -6 0.25 0  -6.25 0.25 0
T diel2  -6.25 0.3 0  -6 0.3 0  -6 0.25 0
T diel2  -6 0.3 0  -5.75 0.25 0  -6 0.25 0
T diel2  -6 0.3 0  -5.75 0.3 0  -5.75 0.25 0
T diel2  -5.75 0.3 0  -5.5 0.25 0  -5.75 0.25 0
T diel2  -5.75 0.3 0  -5.5 0.3 0  -5.5 0.25 0
T diel2  -5.5 0.3 0  -5.25 0.25 0  -5.5 0.25 0
T diel2  -5.5 0.3 0  -5.25 0.3 0  -5.25 0.25 0
T diel2  -5.25 0.3 0  -5 0.25 0  -5.25 0.25 0
T diel2  -5.25 0.3 0  -5 0.3 0  -5 0.25 0
T diel2  -5 0.3 0  -4.75 0.25 0  -5 0.25 0
T diel2  -5 0.3 0  -4.75 0.3 0  -4.75 0.25 0
T diel2  -4.75 0.3 0  -4.5 0.25 0  -4.75 0.25 0
T diel2  -4.75 0.3 0  -4.5 0.3 0  -4.5 0.25 0
T diel2  -4.5 0.3 0  -4.25 0.25 0  -4.5 0.25 0
T diel2  -4.5 0.3 0  -4.25 0.3 0  -4.25 0.25 0
T diel2  -4.25 0.3 0  -4 0.25 0  -4.25 0.25 0
T diel2  -4.25 0.3 0  -4 0.3 0  -4 0.25 0
T diel2  -4 0.3 0  -3.75 0.25 0  -4 0.25 0
T diel2  -4 0.3 0  -3.75 0.3 0  -3.75 0.25 0
T diel2  -3.75 0.3 0  -3.5 0.25 0  -3.75 0.25 0
T diel2  -3.75 0.3 0  -3.5 0.3 0  -3.5 0.25 0
T diel2  -3.5 0.3 0  -3.25 0.25 0  -3.5 0.25 0
T diel2  -3.5 0.3 0  -3.25 0.3 0  -3.25 0.25 0
T diel2  -3.25 0.3 0  -3 0.25 0  -3.25 0.25 0
T diel2  -3.25 0.3 0  -3 0.3 0  -3 0.25 0
T diel2  -3 0.3 0  -2.75 0.25 0  -3 0.25 0
T diel2  -3 0.3 0  -2.75 0.3 0  -2.75 0.25 0
T diel2  -2.75 0.3 0  -2.5 0.25 0  -2.75 0.25 0
T diel2  -2.75 0.3 0  -2.5 0.3 0  -2.5 0.25 0
T diel2  -2.5 0.3 0  -2.25 0.25 0  -2.5 0.25 0
T diel2  -2.5 0.3 0  -2.25 0.3 0  -2.25 0.25 0
T diel2  -2.25 0.3 0  -2 0.25 0  -2.25 0.25 0
T diel2  -2.25 0.3 0  -2 0.3 0  -2 0.25 0
T diel2  -2 0.3 0  -1.75 0.25 0  -2 0.25 0
T diel2  -2 0.3 0  -1.75 0.3 0  -1.75 0.25 0
T diel2  -1.75 0.3 0  -1.5 0.25 0  -1.75 0.25 0
T diel2  -1.75 0.3 0  -1.5 0.3 0  -1.5 0.25 0
T diel2  -1.5 0.3 0  -1.25 0.25 0  -1.5 0.25 0
T diel2  -1.5 0.3 0  -1.25 0.3 0  -1.25 0.25 0
T diel2  -1.25 0.3 0  -1 0.25 0  -1.25 0.25 0
T diel2  -1.25 0.3 0  -1 0.3 0  -1 0.25 0
T diel2  -1 0.3 0  -0.75 0.25 0  -1 0.25 0
T diel2  -1 0.3 0  -0.75 0.3 0  -0.75 0.25 0
T diel2  -0.75 0.3 0  -0.5 0.25 0  -0.75 0.25 0
T diel2  -0.75 0.3 0  -0.5 0.3 0  -0.5 0.25 0
T diel2  -0.5 0.3 0  -0.25 0.25 0  -0.5 0.25 0
T diel2  -0.5 0.3 0  -0.25 0.3 0  -0.25 0.25 0
T diel2  -0.25 0.3 0  0 0.25 0  -0.25 0.25 0
T diel2  -0.25 0.3 0  0 0.3 0  0 0.25 0
T diel2  -10 0.25 5  -10 0.3 5.25  -10 0.3 5
T diel2  -10 0.25 5  -10 0.25 5.25  -10 0.3 5.25
T diel2  -10 0.25 5.25  -10 0.3 5.5  -10 0.3 5.25
T diel2  -10 0.25 5.25  -10 0.25 5.5  -10 0.3 5.5
T diel2  -10 0.25 5.5  -10 0.3 5.75  -10 0.3 5.5
T diel2  -10 0.25 5.5  -10 0.25 5.75  -10 0.3 5.75
T diel2  -10 0.25 5.75  -10 0.3 6  -10 0.3 5.75
T diel2  -10 0.25 5.75  -10 0.25 6  -10 0.3 6
T diel2  -10 0.25 6  -10 0.3 6.25  -10 0.3 6
T diel2  -10 0.25 6  -10 0.25 6.25  -10 0.3 6.25
T diel2  -10 0.25 6.25  -10 0.3 6.5  -10 0.3 6.25
T diel2  -10 0.25 6.25  -10 0.25 6.5  -10 0.3 6.5
T diel2  -10 0.25 6.5  -10 0.3 6.75  -10 0.3 6.5
T diel2  -10 0.25 6.5  -10 0.25 6.75  -10 0.3 6.75
T diel2  -10 0.25 6.75  -10 0.3 7  -10 0.3 6.75
T diel2  -10 0.25 6.75  -10 0.25 7  -10 0.3 7
T diel2  -10 0.25 7  -10 0.3 7.25  -10 0.3 7
T diel2  -10 0.25 7  -10 0.25 7.25  -10 0.3 7.25
T diel2  -10 0.25 7.25  -10 0.3 7.5  -10 0.3 7.25
T diel2  -10 0.25 7.25  -10 0.25 7.5  -10 0.3 7.5
T diel2  -10 0.25 7.5  -10 0.3 7.75  -10 0.3 7.5
T diel2  -10 0.25 7.5  -10 0.25 7.75  -10 0.3 7.75
T diel2  -10 0.25 7.75  -10 0.3 8  -10 0.3 7.75
T diel2  -10 0.25 7.75  -10 0.25 8  -10 0.3 8
T diel2  -10 0.25 8  -10 0.3 8.25  -10 0.3 8
T diel2  -10 0.25 8  -10 0.25 8.25  -10 0.3 8.25
T diel2  -10 0.25 8.25  -10 0.3 8.5  -10 0.3 8.25
T diel2  -10 0.25 8.25  -10 0.25 8.5  -10 0.3 8.5
T diel2  -10 0.25 8.5  -10 0.3 8.75  -10 0.3 8.5
T diel2  -10 0.25 8.5  -10 0.25 8.75  -10 0.3 8.75
T diel2  -10 0.25 8.75  -10 0.3 9  -10 0.3 8.75
T diel2  -10 0.25 8.75  -10 0.25 9  -10 0.3 9
T diel2  -10 0.25 9  -10 0.3 9.25  -10 0.3 9
T diel2  -10 0.25 9  -10 0.25 9.25  -10 0.3 9.25
T diel2  -10 0.25 9.25  -10 0.3 9.5  -10 0.3 9.25
T diel2  -10 0.25 9.25  -10 0.25 9.5  -10 0.3 9.5
T diel2  -10 0.25 9.5  -10 0.3 9.75  -10 0.3 9.5
T diel2  -10 0.25 9.5  -10 0.25 9.75  -10 0.3 9.75
T diel2  -10 0.25 9.75  -10 0.3 10  -10 0.3 9.75
T diel2  -10 0.25 9.75  -10 0.25 10  -10 0.3 10
T diel2  -10 0.25 10  -10 0.3 10.25  -10 0.3 10
T diel2  -10 0.25 10  -10 0.25 10.25  -10 0.3 10.25
T diel2  -10 0.25 10.25  -10 0.3 10.5  -10 0.3 10.25
T diel2  -10 0.25 10.25  -10 0.25 10.5  -10 0.3 10.5
T diel2  -10 0.25 10.5  -10 0.3 10.75  -10 0.3 10.5
T diel2  -10 0.25 10.5  -10 0.25 10.75  -10 0.3 10.75
T diel2  -10 0.25 10.75  -10 0.3 11  -10 0.3 10.75
T diel2  -10 0.25 10.75  -10 0.25 11  -10 0.3 11
T diel2  -10 0.25 11  -10 0.3 11.25  -10 0.3 11
T diel2  -10 0.25 11  -10 0.25 11.25  -10 0.3 11.25
T diel2  -10 0.25 11.25  -10 0.3 11.5  -10 0.3 11.25
T diel2  -10 0.25 11.25  -10 0.25 11.5  -10 0.3 11.5
T diel2  -10 0.25 11.5  -10 0.3 11.75  -10 0.3 11.5
T diel2  -10 0.25 11.5  -10 0.25 11.75  -10 0.3 11.75
T diel2  -10 0.25 11.75  -10 0.3 12  -10 0.3 11.75
T diel2  -10 0.25 11.75  -10 0.25 12  -10 0.3 12
T diel2  -10 0.25 12  -10 0.3 12.25  -10 0.3 12
T diel2  -10 0.25 12  -10 0.25 12.25  -10 0.3 12.25
T diel2  -10 0.25 12.25  -10 0.3 12.5  -10 0.3 12.25
T diel2  -10 0.25 12.25  -10 0.25 12.5  -10 0.3 12.5
T diel2  -10 0.25 12.5  -10 0.3 12.75  -10 0.3 12.5
T diel2  -10 0.25 12.5  -10 0.25 12.75  -10 0.3 12.75
T diel2  -10 0.25 12.75  -10 0.3 13  -10 0.3 12.75
T diel2  -10 0.25 12.75  -10 0.25 13  -10 0.3 13
T diel2  -10 0.25 13  -10 0.3 13.25  -10 0.3 13
T diel2  -10 0.25 13  -10 0.25 13.25  -10 0.3 13.25
T diel2  -10 0.25 13.25  -10 0.3 13.5  -10 0.3 13.25
T diel2  -10 0.25 13.25  -10 0.25 13.5  -10 0.3 13.5
T diel2  -10 0.25 13.5  -10 0.3 13.75  -10 0.3 13.5
T diel2  -10 0.25 13.5  -10 0.25 13.75  -10 0.3 13.75
T diel2  -10 0.25 13.75  -10 0.3 14  -10 0.3 13.75
T diel2  -10 0.25 13.75  -10 0.25 14  -10 0.3 14
T diel2  -10 0.25 14  -10 0.3 14.25  -10 0.3 14
T diel2  -10 0.25 14  -10 0.25 14.25  -10 0.3 14.25
T diel2  -10 0.25 14.25  -10 0.3 14.5  -10 0.3 14.25
T diel2  -10 0.25 14.25  -10 0.25 14.5  -10 0.3 14.5
T diel2  -10 0.25 14.5  -10 0.3 14.75  -10 0.3 14.5
T diel2  -10 0.25 14.5  -10 0.25 14.75  -10 0.3 14.75
T diel2  -10 0.25 14.75  -10 0.3 15  -10 0.3 14.75
T diel2  -10 0.25 14.75  -10 0.25 15  -10 0.3 15
T diel2  -10 0.25 15  -10 0.3 15.25  -10 0.3 15
T diel2  -10 0.25 15  -10 0.25 15.25  -10 0.3 15.25
T diel2  -10 0.25 15.25  -10 0.3 15.5  -10 0.3 15.25
T diel2  -10 0.25 15.25  -10 0.25 15.5  -10 0.3 15.5
T diel2  -10 0.25 15.5  -10 0.3 15.75  -10 0.3 15.5
T diel2  -10 0.25 15.5  -10 0.25 15.75  -10 0.3 15.75
T diel2  -10 0.25 15.75  -10 0.3 16  -10 0.3 15.75
T diel2  -10 0.25 15.75  -10 0.25 16  -10 0.3 16
T diel2  -10 0.25 16  -10 0.3 16.25  -10 0.3 16
T diel2  -10 0.25 16  -10 0.25 16.25  -10 0.3 16.25
T diel2  -10 0.25 16.25  -10 0.3 16.5  -10 0.3 16.25
T diel2  -10 0.25 16.25  -10 0.25 16.5  -10 0.3 16.5
T diel2  -10 0.25 16.5  -10 0.3 16.75  -10 0.3 16.5
T diel2  -10 0.25 16.5  -10 0.25 16.75  -10 0.3 16.75
T diel2  -10 0.25 16.75  -10 0.3 17  -10 0.3 16.75
T diel2  -10 0.25 16.75  -10 0.25 17  -10 0.3 17
T diel2  -10 0.25 17  -10 0.3 17.25  -10 0.3 17
T diel2  -10 0.25 17  -10 0.25 17.25  -10 0.3 17.25
T diel2  -10 0.25 17.25  -10 0.3 17.5  -10 0.3 17.25
T diel2  -10 0.25 17.25  -10 0.25 17.5  -10 0.3 17.5
T diel2  -10 0.25 17.5  -10 0.3 17.75  -10 0.3 17.5
T diel2  -10 0.25 17.5  -10 0.25 17.75  -10 0.3 17.75
T diel2  -10 0.25 17.75  -10 0.3 18  -10 0.3 17.75
T diel2  -10 0.25 17.75  -10 0.25 18  -10 0.3 18
T diel2  -10 0.25 18  -10 0.3 18.25  -10 0.3 18
T diel2  -10 0.25 18  -10 0.25 18.25  -10 0.3 18.25
T diel2  -10 0.25 18.25  -10 0.3 18.5  -10 0.3 18.25
T diel2  -10 0.25 18.25  -10 0.25 18.5  -10 0.3 18.5
T diel2  -10 0.25 18.5  -10 0.3 18.75  -10 0.3 18.5
T diel2  -10 0.25 18.5  -10 0.25 18.75  -10 0.3 18.75
T diel2  -10 0.25 18.75  -10 0.3 19  -10 0.3 18.75
T diel2  -10 0.25 18.75  -10 0.25 19  -10 0.3 19
T diel2  -10 0.25 19  -10 0.3 19.25  -10 0.3 19
T diel2  -10 0.25 19  -10 0.25 19.25  -10 0.3 19.25
T diel2  -10 0.25 19.25  -10 0.3 19.5  -10 0.3 19.25
T diel2  -10 0.25 19.25  -10 0.25 19.5  -10 0.3 19.5
T diel2  -10 0.25 19.5  -10 0.3 19.75  -10 0.3 19.5
T diel2  -10 0.25 19.5  -10 0.25 19.75  -10 0.3 19.75
T diel2  -10 0.25 19.75  -10 0.3 20  -10 0.3 19.75
T diel2  -10 0.25 19.75  -10 0.25 20  -10 0.3 20
T diel2  -10 0.25 20  -9.75 0.3 20  -10 0.3 20
T diel2  -10 0.25 20  -9.75 0.25 20  -9.75 0.3 20
T diel2  -9.75 0.25 20  -9.5 0.3 20  -9.75 0.3 20
T diel2  -9.75 0.25 20  -9.5 0.25 20  -9.5 0.3 20
T diel2  -9.5 0.25 20  -9.25 0.3 20  -9.5 0.3 20
T diel2  -9.5 0.25 20  -9.25 0.25 20  -9.25 0.3 20
T diel2  -9.25 0.25 20  -9 0.3 20  -9.25 0.3 20
T diel2  -9.25 0.25 20  -9 0.25 20  -9 0.3 20
T diel2  -9 0.25 20  -8.75 0.3 20  -9 0.3 20
T diel2  -9 0.25 20  -8.75 0.25 20  -8.75 0.3 20
T diel2  -8.75 0.25 20  -8.5 0.3 20  -8.75 0.3 20
T diel2  -8.75 0.25 20  -8.5 0.25 20  -8.5 0.3 20
T diel2  -8.5 0.25 20  -8.25 0.3 20  -8.5 0.3 20
T diel2  -8.5 0.25 20  -8.25 0.25 20  -8.25 0.3 20
T diel2  -8.25 0.25 20  -8 0.3 20  -8.25 0.3 20
T diel2  -8.25 0.25 20  -8 0.25 20  -8 0.3 20
T diel2  -8 0.25 20  -7.75 0.3 20  -8 0.3 20
T diel2  -8 0.25 20  -7.75 0.25 20  -7.75 0.3 20
T diel2  -7.75 0.25 20  -7.5 0.3 20  -7.75 0.3 20
T diel2  -7.75 0.25 20  -7.5 0.25 20  -7.5 0.3 20
T diel2  -7.5 0.25 20  -7.25 0.3 20  -7.5 0.3 20
T diel2  -7.5 0.25 20  -7.25 0.25 20  -7.25 0.3 20
T diel2  -7.25 0.25 20  -7 0.3 20  -7.25 0.3 20
T diel2  -7.25 0.25 20  -7 0.25 20  -7 0.3 20
T diel2  -7 0.25 20  -6.75 0.3 20  -7 0.3 20
T diel2  -7 0.25 20  -6.75 0.25 20  -6.75 0.3 20
T diel2  -6.75 0.25 20  -6.5 0.3 20  -6.75 0.3 20
T diel2  -6.75 0.25 20  -6.5 0.25 20  -6.5 0.3 20
T diel2  -6.5 0.25 20  -6.25 0.3 20  -6.5 0.3 20
T diel2  -6.5 0.25 20  -6.25 0.25 20  -6.25 0.3 20
T diel2  -6.25 0.25 20  -6 0.3 20  -6.25 0.3 20
T diel2  -6.25 0.25 20  -6 0.25 20  -6 0.3 20
T diel2  -6 0.25 20  -5.75 0.3 20  -6 0.3 20
T diel2  -6 0.25 20  -5.75 0.25 20  -5.75 0.3 20
T diel2  -5.75 0.25 20  -5.5 0.3 20  -5.75 0.3 20
T diel2  -5.75 0.25 20  -5.5 0.25 20  -5.5 0.3 20
T diel2  -5.5 0.25 20  -5.25 0.3 20  -5.5 0.3 20
T diel2  -5.5 0.25 20  -5.25 0.25 20  -5.25 0.3 20
T diel2  -5.25 0.25 20  -5 0.3 20  -5.25 0.3 20
T diel2  -5.25 0.25 20  -5 0.25 20  -5 0.3 20
T diel2  -5 0.25 20  -4.75 0.3 20  -5 0.3 20
T diel2  -5 0.25 20  -4.75 0.25 20  -4.75 0.3 20
T diel2  -4.75 0.25 20  -4.5 0.3 20  -4.75 0.3 20
T diel2  -4.75 0.25 20  -4.5 0.25 20  -4.5 0.3 20
T diel2  -4.5 0.25 20  -4.25 0.3 20  -4.5 0.3 20
T diel2  -4.5 0.25 20  -4.25 0.25 20  -4.25 0.3 20
T diel2  -4.25 0.25 20  -4 0.3 20  -4.25 0.3 20
T diel2  -4.25 0.25 20  -4 0.25 20  -4 0.3 20
T diel2  -4 0.25 20  -3.75 0.3 20  -4 0.3 20
T diel2  -4 0.25 20  -3.75 0.25 20  -3.75 0.3 20
T diel2  -3.75 0.25 20  -3.5 0.3 20  -3.75 0.3 20
T diel2  -3.75 0.25 20  -3.5 0.25 20  -3.5 0.3 20
T diel2  -3.5 0.25 20  -3.25 0.3 20  -3.5 0.3 20
T diel2  -3.5 0.25 20  -3.25 0.25 20  -3.25 0.3 20
T diel2  -3.25 0.25 20  -3 0.3 20  -3.25 0.3 20
T diel2  -3.25 0.25 20  -3 0.25 20  -3 0.3 20
T diel2  -3 0.25 20  -2.75 0.3 20  -3 0.3 20
T diel2  -3 0.25 20  -2.75 0.25 20  -2.75 0.3 20
T diel2  -2.75 0.25 20  -2.5 0.3 20  -2.75 0.3 20
T diel2  -2.75 0.25 20  -2.5 0.25 20  -2.5 0.3 20
T diel2  -2.5 0.25 20  -2.25 0.3 20  -2.5 0.3 20
T diel2  -2.5 0.25 20  -2.25 0.25 20  -2.25 0.3 20
T diel2  -2.25 0.25 20  -2 0.3 20  -2.25 0.3 20
T diel2  -2.25 0.25 20  -2 0.25 20  -2 0.3 20
T diel2  -2 0.25 20  -1.75 0.3 20  -2 0.3 20
T diel2  -2 0.25 20  -1.75 0.25 20  -1.75 0.3 20
T diel2  -1.75 0.25 20  -1.5 0.3 20  -1.75 0.3 20
T diel2  -1.75 0.25 20  -1.5 0.25 20  -1.5 0.3 20
T diel2  -1.5 0.25 20  -1.25 0.3 20  -1.5 0.3 20
T diel2  -1.5 0.25 20  -1.25 0.25 20  -1.25 0.3 20
T diel2  -1.25 0.25 20  -1 0.3 20  -1.25 0.3 20
T diel2  -1.25 0.25 20  -1 0.25 20  -1 0.3 20
T diel2  -1 0.25 20  -0.75 0.3 20  -1 0.3 20
T diel2  -1 0.25 20  -0.75 0.25 20  -0.75 0.3 20
T diel2  -0.75 0.25 20  -0.5 0.3 20  -0.75 0.3 20
T diel2  -0.75 0.25 20  -0.5 0.25 20  -0.5 0.3 20
T diel2  -0.5 0.25 20  -0.25 0.3 20  -0.5 0.3 20
T diel2  -0.5 0.25 20  -0.25 0.25 20  -0.25 0.3 20
T diel2  -0.25 0.25 20  0 0.3 20  -0.25 0.3 20
T diel2  -0.25 0.25 20  0 0.25 20  0 0.3 20
T diel2  0 0.3 0  0.25 0.25 0  0 0.25 0
T diel2  0 0.3 0  0.25 0.3 0  0.25 0.25 0
T diel2  0.25 0.3 0  0.5 0.25 0  0.25 0.25 0
T diel2  0.25 0.3 0  0.5 0.3 0  0.5 0.25 0
T diel2  0.5 0.3 0  0.75 0.25 0  0.5 0.25 0
T diel2  0.5 0.3 0  0.75 0.3 0  0.75 0.25 0
T diel2  0.75 0.3 0  1 0.25 0  0.75 0.25 0
T diel2  0.75 0.3 0  1 0.3 0  1 0.25 0
T diel2  1 0.3 0  1.25 0.25 0  1 0.25 0
T diel2  1 0.3 0  1.25 0.3 0  1.25 0.25 0
T diel2  1.25 0.3 0  1.5 0.25 0  1.25 0.25 0
T diel2  1.25 0.3 0  1.5 0.3 0  1.5 0.25 0
T diel2  1.5 0.3 0  1.75 0.25 0  1.5 0.25 0
T diel2  1.5 0.3 0  1.75 0.3 0  1.75 0.25 0
T diel2  1.75 0.3 0  2 0.25 0  1.75 0.25 0
T diel2  1.75 0.3 0  2 0.3 0  2 0.25 0
T diel2  2 0.3 0  2.25 0.25 0  2 0.25 0
T diel2  2 0.3 0  2.25 0.3 0  2.25 0.25 0
T diel2  2.25 0.3 0  2.5 0.25 0  2.25 0.25 0
T diel2  2.25 0.3 0  2.5 0.3 0  2.5 0.25 0
T diel2  2.5 0.3 0  2.75 0.25 0  2.5 0.25 0
T diel2  2.5 0.3 0  2.75 0.3 0  2.75 0.25 0
T diel2  2.75 0.3 0  3 0.25 0  2.75 0.25 0
T diel2  2.75 0.3 0  3 0.3 0  3 0.25 0
T diel2  3 0.3 0  3.25 0.25 0  3 0.25 0
T diel2  3 0.3 0  3.25 0.3 0  3.25 0.25 0
T diel2  3.25 0.3 0  3.5 0.25 0  3.25 0.25 0
T diel2  3.25 0.3 0  3.5 0.3 0  3.5 0.25 0
T diel2  3.5 0.3 0  3.75 0.25 0  3.5 0.25 0
T diel2  3.5 0.3 0  3.75 0.3 0  3.75 0.25 0
T diel2  3.75 0.3 0  4 0.25 0  3.75 0.25 0
T diel2  3.75 0.3 0  4 0.3 0  4 0.25 0
T diel2  4 0.3 0  4.25 0.25 0  4 0.25 0
T diel2  4 0.3 0  4.25 0.3 0  4.25 0.25 0
T diel2  4.25 0.3 0  4.5 0.25 0  4.25 0.25 0
T diel2  4.25 0.3 0  4.5 0.3 0  4.5 0.25 0
T diel2  4.5 0.3 0  4.75 0.25 0  4.5 0.25 0
T diel2  4.5 0.3 0  4.75 0.3 0  4.75 0.25 0
T diel2  4.75 0.3 0  5 0.25 0  4.75 0.25 0
T diel2  4.75 0.3 0  5 0.3 0  5 0.25 0
T diel2  5 0.3 0  5.25 0.25 0  5 0.25 0
T diel2  5 0.3 0  5.25 0.3 0  5.25 0.25 0
T diel2  5.25 0.3 0  5.5 0.25 0  5.25 0.25 0
T diel2  5.25 0.3 0  5.5 0.3 0  5.5 0.25 0
T diel2  5.5 0.3 0  5.75 0.25 0  5.5 0.25 0
T diel2  5.5 0.3 0  5.75 0.3 0  5.75 0.25 0
T diel2  5.75 0.3 0  6 0.25 0  5.75 0.25 0
T diel2  5.75 0.3 0  6 0.3 0  6 0.25 0
T diel2  6 0.3 0  6.25 0.25 0  6 0.25 0
T diel2  6 0.3 0  6.25 0.3 0  6.25 0.25 0
T diel2  6.25 0.3 0  6.5 0.25 0  6.25 0.25 0
T diel2  6.25 0.3 0  6.5 0.3 0  6.5 0.25 0
T diel2  6.5 0.3 0  6.75 0.25 0  6.5 0.25 0
T diel2  6.5 0.3 0  6.75 0.3 0  6.75 0.25 0
T diel2  6.75 0.3 0  7 0.25 0  6.75 0.25 0
T diel2  6.75 0.3 0  7 0.3 0  7 0.25 0
T diel2  7 0.3 0  7.25 0.25 0  7 0.25 0
T diel2  7 0.3 0  7.25 0.3 0  7.25 0.25 0
T diel2  7.25 0.3 0  7.5 0.25 0  7.25 0.25 0
T diel2  7.25 0.3 0  7.5 0.3 0  7.5 0.25 0
T diel2  7.5 0.3 0  7.75 0.25 0  7.5 0.25 0
T diel2  7.5 0.3 0  7.75 0.3 0  7.75 0.25 0
T diel2  7.75 0.3 0  8 0.25 0  7.75 0.25 0
T diel2  7.75 0.3 0  8 0.3 0  8 0.25 0
T diel2  8 0.3 0  8.25 0.25 0  8 0.25 0
T diel2  8 0.3 0  8.25 0.3 0  8.25 0.25 0
T diel2  8.25 0.3 0  8.5 0.25 0  8.25 0.25 0
T diel2  8.25 0.3 0  8.5 0.3 0  8.5 0.25 0
T diel2  8.5 0.3 0  8.75 0.25 0  8.5 0.25 0
T diel2  8.5 0.3 0  8.75 0.3 0  8.75 0.25 0
T diel2  8.75 0.3 0  9 0.25 0  8.75 0.25 0
T diel2  8.75 0.3 0  9 0.3 0  9 0.25 0
T diel2  9 0.3 0  9.25 0.25 0  9 0.25 0
T diel2  9 0.3 0  9.25 0.3 0  9.25 0.25 0
T diel2  9.25 0.3 0  9.5 0.25 0  9.25 0.25 0
T diel2  9.25 0.3 0  9.5 0.3 0  9.5 0.25 0
T diel2  9.5 0.3 0  9.75 0.25 0  9.5 0.25 0
T diel2  9.5 0.3 0  9.75 0.3 0  9.75 0.25 0
T diel2  9.75 0.3 0  10 0.25 0  9.75 0.25 0
T diel2  9.75 0.3 0  10 0.3 0  10 0.25 0
T diel2  10 0.3 0  10 0.25 0.25  10 0.25 0
T diel2  10 0.3 0  10 0.3 0.25  10 0.25 0.25
T diel2  10 0.3 0.25  10 0.25 0.5  10 0.25 0.25
T diel2  10 0.3 0.25  10 0.3 0.5  10 0.25 0.5
T diel2  10 0.3 0.5  10 0.25 0.75  10 0.25 0.5
T diel2  10 0.3 0.5  10 0.3 0.75  10 0.25 0.75
T diel2  10 0.3 0.75  10 0.25 1  10 0.25 0.75
T diel2  10 0.3 0.75  10 0.3 1  10 0.25 1
T diel2  10 0.3 1  10 0.25 1.25  10 0.25 1
T diel2  10 0.3 1  10 0.3 1.25  10 0.25 1.25
T diel2  10 0.3 1.25  10 0.25 1.5  10 0.25 1.25
T diel2  10 0.3 1.25  10 0.3 1.5  10 0.25 1.5
T diel2  10 0.3 1.5  10 0.25 1.75  10 0.25 1.5
T diel2  10 0.3 1.5  10 0.3 1.75  10 0.25 1.75
T diel2  10 0.3 1.75  10 0.25 2  10 0.25 1.75
T diel2  10 0.3 1.75  10 0.3 2  10 0.25 2
T diel2  10 0.3 2  10 0.25 2.25  10 0.25 2
T diel2  10 0.3 2  10 0.3 2.25  10 0.25 2.25
T diel2  10 0.3 2.25  10 0.25 2.5  10 0.25 2.25
T diel2  10 0.3 2.25  10 0.3 2.5  10 0.25 2.5
T diel2  10 0.3 2.5  10 0.25 2.75  10 0.25 2.5
T diel2  10 0.3 2.5  10 0.3 2.75  10 0.25 2.75
T diel2  10 0.3 2.75  10 0.25 3  10 0.25 2.75
T diel2  10 0.3 2.75  10 0.3 3  10 0.25 3
T diel2  10 0.3 3  10 0.25 3.25  10 0.25 3
T diel2  10 0.3 3  10 0.3 3.25  10 0.25 3.25
T diel2  10 0.3 3.25  10 0.25 3.5  10 0.25 3.25
T diel2  10 0.3 3.25  10 0.3 3.5  10 0.25 3.5
T diel2  10 0.3 3.5  10 0.25 3.75  10 0.25 3.5
T diel2  10 0.3 3.5  10 0.3 3.75  10 0.25 3.75
T diel2  10 0.3 3.75  10 0.25 4  10 0.25 3.75
T diel2  10 0.3 3.75  10 0.3 4  10 0.25 4
T diel2  10 0.3 4  10 0.25 4.25  10 0.25 4
T diel2  10 0.3 4  10 0.3 4.25  10 0.25 4.25
T diel2  10 0.3 4.25  10 0.25 4.5  10 0.25 4.25
T diel2  10 0.3 4.25  10 0.3 4.5  10 0.25 4.5
T diel2  10 0.3 4.5  10 0.25 4.75  10 0.25 4.5
T diel2  10 0.3 4.5  10 0.3 4.75  10 0.25 4.75
T diel2  10 0.3 4.75  10 0.25 5  10 0.25 4.75
T diel2  10 0.3 4.75  10 0.3 5  10 0.25 5
T diel2  10 0.3 5  10 0.25 5.25  10 0.25 5
T diel2  10 0.3 5  10 0.3 5.25  10 0.25 5.25
T diel2  10 0.3 5.25  10 0.25 5.5  10 0.25 5.25
T diel2  10 0.3 5.25  10 0.3 5.5  10 0.25 5.5
T diel2  10 0.3 5.5  10 0.25 5.75  10 0.25 5.5
T diel2  10 0.3 5.5  10 0.3 5.75  10 0.25 5.75
T diel2  10 0.3 5.75  10 0.25 6  10 0.25 5.75
T diel2  10 0.3 5.75  10 0.3 6  10 0.25 6
T diel2  10 0.3 6  10 0.25 6.25  10 0.25 6
T diel2  10 0.3 6  10 0.3 6.25  10 0.25 6.25
T diel2  10 0.3 6.25  10 0.25 6.5  10 0.25 6.25
T diel2  10 0.3 6.25  10 0.3 6.5  10 0.25 6.5
T diel2  10 0.3 6.5  10 0.25 6.75  10 0.25 6.5
T diel2  10 0.3 6.5  10 0.3 6.75  10 0.25 6.75
T diel2  10 0.3 6.75  10 0.25 7  10 0.25 6.75
T diel2  10 0.3 6.75  10 0.3 7  10 0.25 7
T diel2  10 0.3 7  10 0.25 7.25  10 0.25 7
T diel2  10 0.3 7  10 0.3 7.25  10 0.25 7.25
T diel2  10 0.3 7.25  10 0.25 7.5  10 0.25 7.25
T diel2  10 0.3 7.25  10 0.3 7.5  10 0.25 7.5
T diel2  10 0.3 7.5  10 0.25 7.75  10 0.25 7.5
T diel2  10 0.3 7.5  10 0.3 7.75  10 0.25 7.75
T diel2  10 0.3 7.75  10 0.25 8  10 0.25 7.75
T diel2  10 0.3 7.75  10 0.3 8  10 0.25 8
T diel2  10 0.3 8  10 0.25 8.25  10 0.25 8
T diel2  10 0.3 8  10 0.3 8.25  10 0.25 8.25
T diel2  10 0.3 8.25  10 0.25 8.5  10 0.25 8.25
T diel2  10 0.3 8.25  10 0.3 8.5  10 0.25 8.5
T diel2  10 0.3 8.5  10 0.25 8.75  10 0.25 8.5
T diel2  10 0.3 8.5  10 0.3 8.75  10 0.25 8.75
T diel2  10 0.3 8.75  10 0.25 9  10 0.25 8.75
T diel2  10 0.3 8.75  10 0.3 9  10 0.25 9
T diel2  10 0.3 9  10 0.25 9.25  10 0.25 9
T diel2  10 0.3 9  10 0.3 9.25  10 0.25 9.25
T diel2  10 0.3 9.25  10 0.25 9.5  10 0.25 9.25
T diel2  10 0.3 9.25  10 0.3 9.5  10 0.25 9.5
T diel2  10 0.3 9.5  10 0.25 9.75  10 0.25 9.5
T diel2  10 0.3 9.5  10 0.3 9.75  10 0.25 9.75
T diel2  10 0.3 9.75  10 0.25 10  10 0.25 9.75
T diel2  10 0.3 9.75  10 0.3 10  10 0.25 10
T diel2  10 0.3 10  10 0.25 10.25  10 0.25 10
T diel2  10 0.3 10  10 0.3 10.25  10 0.25 10.25
T diel2  10 0.3 10.25  10 0.25 10.5  10 0.25 10.25
T diel2  10 0.3 10.25  10 0.3 10.5  10 0.25 10.5
T diel2  10 0.3 10.5  10 0.25 10.75  10 0.25 10.5
T diel2  10 0.3 10.5  10 0.3 10.75  10 0.25 10.75
T diel2  10 0.3 10.75  10 0.25 11  10 0.25 10.75
T diel2  10 0.3 10.75  10 0.3 11  10 0.25 11
T diel2  10 0.3 11  10 0.25 11.25  10 0.25 11
T diel2  10 0.3 11  10 0.3 11.25  10 0.25 11.25
T diel2  10 0.3 11.25  10 0.25 11.5  10 0.25 11.25
T diel2  10 0.3 11.25  10 0.3 11.5  10 0.25 11.5
T diel2  10 0.3 11.5  10 0.25 11.75  10 0.25 11.5
T diel2  10 0.3 11.5  10 0.3 11.75  10 0.25 11.75
T diel2  10 0.3 11.75  10 0.25 12  10 0.25 11.75
T diel2  10 0.3 11.75  10 0.3 12  10 0.25 12
T diel2  10 0.3 12  10 0.25 12.25  10 0.25 12
T diel2  10 0.3 12  10 0.3 12.25  10 0.25 12.25
T diel2  10 0.3 12.25  10 0.25 12.5  10 0.25 12.25
T diel2  10 0.3 12.25  10 0.3 12.5  10 0.25 12.5
T diel2  10 0.3 12.5  10 0.25 12.75  10 0.25 12.5
T diel2  10 0.3 12.5  10 0.3 12.75  10 0.25 12.75
T diel2  10 0.3 12.75  10 0.25 13  10 0.25 12.75
T diel2  10 0.3 12.75  10 0.3 13  10 0.25 13
T diel2  10 0.3 13  10 0.25 13.25  10 0.25 13
T diel2  10 0.3 13  10 0.3 13.25  10 0.25 13.25
T diel2  10 0.3 13.25  10 0.25 13.5  10 0.25 13.25
T diel2  10 0.3 13.25  10 0.3 13.5  10 0.25 13.5
T diel2  10 0.3 13.5  10 0.25 13.75  10 0.25 13.5
T diel2  10 0.3 13.5  10 0.3 13.75  10 0.25 13.75
T diel2  10 0.3 13.75  10 0.25 14  10 0.25 13.75
T diel2  10 0.3 13.75  10 0.3 14  10 0.25 14
T diel2  10 0.3 14  10 0.25 14.25  10 0.25 14
T diel2  10 0.3 14  10 0.3 14.25  10 0.25 14.25
T diel2  10 0.3 14.25  10 0.25 14.5  10 0.25 14.25
T diel2  10 0.3 14.25  10 0.3 14.5  10 0.25 14.5
T diel2  10 0.3 14.5  10 0.25 14.75  10 0.25 14.5
T diel2  10 0.3 14.5  10 0.3 14.75  10 0.25 14.75
T diel2  10 0.3 14.75  10 0.25 15  10 0.25 14.75
T diel2  10 0.3 14.75  10 0.3 15  10 0.25 15
T diel2  0 0.25 20  0.25 0.3 20  0 0.3 20
T diel2  0 0.25 20  0.25 0.25 20  0.25 0.3 20
T diel2  0.25 0.25 20  0.5 0.3 20  0.25 0.3 20
T diel2  0.25 0.25 20  0.5 0.25 20  0.5 0.3 20
T diel2  0.5 0.25 20  0.75 0.3 20  0.5 0.3 20
T diel2  0.5 0.25 20  0.75 0.25 20  0.75 0.3 20
T diel2  0.75 0.25 20  1 0.3 20  0.75 0.3 20
T diel2  0.75 0.25 20  1 0.25 20  1 0.3 20
T diel2  1 0.25 20  1.25 0.3 20  1 0.3 20
T diel2  1 0.25 20  1.25 0.25 20  1.25 0.3 20
T diel2  1.25 0.25 20  1.5 0.3 20  1.25 0.3 20
T diel2  1.25 0.25 20  1.5 0.25 20  1.5 0.3 20
T diel2  1.5 0.25 20  1.75 0.3 20  1.5 0.3 20
T diel2  1.5 0.25 20  1.75 0.25 20  1.75 0.3 20
T diel2  1.75 0.25 20  2 0.3 20  1.75 0.3 20
T diel2  1.75 0.25 20  2 0.25 20  2 0.3 20
T diel2  2 0.25 20  2.25 0.3 20  2 0.3 20
T diel2  2 0.25 20  2.25 0.25 20  2.25 0.3 20
T diel2  2.25 0.25 20  2.5 0.3 20  2.25 0.3 20
T diel2  2.25 0.25 20  2.5 0.25 20  2.5 0.3 20
T diel2  2.5 0.25 20  2.75 0.3 20  2.5 0.3 20
T diel2  2.5 0.25 20  2.75 0.25 20  2.75 0.3 20
T diel2  2.75 0.25 20  3 0.3 20  2.75 0.3 20
T diel2  2.75 0.25 20  3 0.25 20  3 0.3 20
T diel2  3 0.25 20  3.25 0.3 20  3 0.3 20
T diel2  3 0.25 20  3.25 0.25 20  3.25 0.3 20
T diel2  3.25 0.25 20  3.5 0.3 20  3.25 0.3 20
T diel2  3.25 0.25 20  3.5 0.25 20  3.5 0.3 20
T diel2  3.5 0.25 20  3.75 0.3 20  3.5 0.3 20
T diel2  3.5 0.25 20  3.75 0.25 20  3.75 0.3 20
T diel2  3.75 0.25 20  4 0.3 20  3.75 0.3 20
T diel2  3.75 0.25 20  4 0.25 20  4 0.3 20
T diel2  4 0.25 20  4.25 0.3 20  4 0.3 20
T diel2  4 0.25 20  4.25 0.25 20  4.25 0.3 20
T diel2  4.25 0.25 20  4.5 0.3 20  4.25 0.3 20
T diel2  4.25 0.25 20  4.5 0.25 20  4.5 0.3 20
T diel2  4.5 0.25 20  4.75 0.3 20  4.5 0.3 20
T diel2  4.5 0.25 20  4.75 0.25 20  4.75 0.3 20
T diel2  4.75 0.25 20  5 0.3 20  4.75 0.3 20
T diel2  4.75 0.25 20  5 0.25 20  5 0.3 20
T diel2  10 0.3 15  10 0.25 15.25  10 0.25 15
T diel2  10 0.3 15  10 0.3 15.25  10 0.25 15.25
T diel2  10 0.3 15.25  10 0.25 15.5  10 0.25 15.25
T diel2  10 0.3 15.25  10 0.3 15.5  10 0.25 15.5
T diel2  10 0.3 15.5  10 0.25 15.75  10 0.25 15.5
T diel2  10 0.3 15.5  10 0.3 15.75  10 0.25 15.75
T diel2  10 0.3 15.75  10 0.25 16  10 0.25 15.75
T diel2  10 0.3 15.75  10 0.3 16  10 0.25 16
T diel2  10 0.3 16  10 0.25 16.25  10 0.25 16
T diel2  10 0.3 16  10 0.3 16.25  10 0.25 16.25
T diel2  10 0.3 16.25  10 0.25 16.5  10 0.25 16.25
T diel2  10 0.3 16.25  10 0.3 16.5  10 0.25 16.5
T diel2  10 0.3 16.5  10 0.25 16.75  10 0.25 16.5
T diel2  10 0.3 16.5  10 0.3 16.75  10 0.25 16.75
T diel2  10 0.3 16.75  10 0.25 17  10 0.25 16.75
T diel2  10 0.3 16.75  10 0.3 17  10 0.25 17
T diel2  10 0.3 17  10 0.25 17.25  10 0.25 17
T diel2  10 0.3 17  10 0.3 17.25  10 0.25 17.25
T diel2  10 0.3 17.25  10 0.25 17.5  10 0.25 17.25
T diel2  10 0.3 17.25  10 0.3 17.5  10 0.25 17.5
T diel2  5 0.25 20  5.25 0.3 20  5 0.3 20
T diel2  5 0.25 20  5.25 0.25 20  5.25 0.3 20
T diel2  5.25 0.25 20  5.5 0.3 20  5.25 0.3 20
T diel2  5.25 0.25 20  5.5 0.25 20  5.5 0.3 20
T diel2  5.5 0.25 20  5.75 0.3 20  5.5 0.3 20
T diel2  5.5 0.25 20  5.75 0.25 20  5.75 0.3 20
T diel2  5.75 0.25 20  6 0.3 20  5.75 0.3 20
T diel2  5.75 0.25 20  6 0.25 20  6 0.3 20
T diel2  6 0.25 20  6.25 0.3 20  6 0.3 20
T diel2  6 0.25 20  6.25 0.25 20  6.25 0.3 20
T diel2  6.25 0.25 20  6.5 0.3 20  6.25 0.3 20
T diel2  6.25 0.25 20  6.5 0.25 20  6.5 0.3 20
T diel2  6.5 0.25 20  6.75 0.3 20  6.5 0.3 20
T diel2  6.5 0.25 20  6.75 0.25 20  6.75 0.3 20
T diel2  6.75 0.25 20  7 0.3 20  6.75 0.3 20
T diel2  6.75 0.25 20  7 0.25 20  7 0.3 20
T diel2  7 0.25 20  7.25 0.3 20  7 0.3 20
T diel2  7 0.25 20  7.25 0.25 20  7.25 0.3 20
T diel2  7.25 0.25 20  7.5 0.3 20  7.25 0.3 20
T diel2  7.25 0.25 20  7.5 0.25 20  7.5 0.3 20
T diel2  7.5 0.25 20  7.75 0.3 20  7.5 0.3 20
T diel2  7.5 0.25 20  7.75 0.25 20  7.75 0.3 20
T diel2  7.75 0.25 20  8 0.3 20  7.75 0.3 20
T diel2  7.75 0.25 20  8 0.25 20  8 0.3 20
T diel2  8 0.25 20  8.25 0.3 20  8 0.3 20
T diel2  8 0.25 20  8.25 0.25 20  8.25 0.3 20
T diel2  8.25 0.25 20  8.5 0.3 20  8.25 0.3 20
T diel2  8.25 0.25 20  8.5 0.25 20  8.5 0.3 20
T diel2  8.5 0.25 20  8.75 0.3 20  8.5 0.3 20
T diel2  8.5 0.25 20  8.75 0.25 20  8.75 0.3 20
T diel2  10 0.3 17.5  10 0.25 17.75  10 0.25 17.5
T diel2  10 0.3 17.5  10 0.3 17.75  10 0.25 17.75
T diel2  10 0.3 17.75  10 0.25 18  10 0.25 17.75
T diel2  10 0.3 17.75  10 0.3 18  10 0.25 18
T diel2  10 0.3 18  10 0.25 18.25  10 0.25 18
T diel2  10 0.3 18  10 0.3 18.25  10 0.25 18.25
T diel2  10 0.3 18.25  10 0.25 18.5  10 0.25 18.25
T diel2  10 0.3 18.25  10 0.3 18.5  10 0.25 18.5
T diel2  10 0.3 18.5  10 0.25 18.75  10 0.25 18.5
T diel2  10 0.3 18.5  10 0.3 18.75  10 0.25 18.75
T diel2  8.75 0.25 20  9 0.3 20  8.75 0.3 20
T diel2  8.75 0.25 20  9 0.25 20  9 0.3 20
T diel2  9 0.25 20  9.25 0.3 20  9 0.3 20
T diel2  9 0.25 20  9.25 0.25 20  9.25 0.3 20
T diel2  9.25 0.25 20  9.5 0.3 20  9.25 0.3 20
T diel2  10 0.3 18.75  10 0.25 19  10 0.25 18.75
T diel2  10 0.3 18.75  10 0.3 19  10 0.25 19
T diel2  10 0.3 19  10 0.25 19.25  10 0.25 19
T diel2  10 0.3 19  10 0.3 19.25  10 0.25 19.25
T diel2  10 0.3 19.25  10 0.25 19.5  10 0.25 19.25
T diel2  10 0.3 19.25  10 0.3 19.5  10 0.25 19.5
T diel2  9.25 0.25 20  9.5 0.25 20  9.5 0.3 20
T diel2  9.5 0.25 20  9.75 0.3 20  9.5 0.3 20
T diel2  9.5 0.25 20  9.75 0.25 20  9.75 0.3 20
T diel2  10 0.3 19.5  10 0.25 19.75  10 0.25 19.5
T diel2  10 0.3 19.5  10 0.3 19.75  10 0.25 19.75
T diel2  9.75 0.25 20  10 0.3 20  9.75 0.3 20
T diel2  10 0.3 19.75  10 0.25 20  10 0.25 19.75
T diel2  10 0.3 19.75  10 0.3 20  10 0.25 20
T diel2  9.75 0.25 20  10 0.25 20  10 0.3 20
