0 Refined FastCap file derived from wires_M1oM0_W014_S014_extrapanels3D.lst, referenced in list file wires_M1oM0_W014_S014_extrapanels3D_ref.lst
*
T g5_wire_M1  0.21 0.7 10  0.35 0.65 10  0.21 0.65 10
T g5_wire_M1  0.21 0.65 10  0.21 0.7 10.25  0.21 0.7 10
T g5_wire_M1  0.21 0.7 10  0.35 0.7 10  0.35 0.65 10
T g5_wire_M1  0.35 0.7 10  0.35 0.65 10.25  0.35 0.65 10
T g5_wire_M1  0.21 0.65 10  0.21 0.65 10.25  0.21 0.7 10.25
T g5_wire_M1  0.35 0.65 10  0.21 0.65 10.6667  0.21 0.65 10
T g5_wire_M1  0.35 0.7 10  0.35 0.7 10.25  0.35 0.65 10.25
T g5_wire_M1  0.21 0.65 10.25  0.21 0.7 10.5  0.21 0.7 10.25
T g5_wire_M1  0.21 0.65 10.25  0.21 0.65 10.5  0.21 0.7 10.5
T g5_wire_M1  0.35 0.7 10.25  0.35 0.65 10.5  0.35 0.65 10.25
T g5_wire_M1  0.35 0.65 10  0.35 0.65 10.6667  0.21 0.65 10.6667
T g5_wire_M1  0.35 0.7 10.25  0.35 0.7 10.5  0.35 0.65 10.5
T g5_wire_M1  0.21 0.65 10.5  0.21 0.7 10.75  0.21 0.7 10.5
T g5_wire_M1  0.21 0.65 10.5  0.21 0.65 10.75  0.21 0.7 10.75
T g5_wire_M1  0.35 0.7 10.5  0.35 0.65 10.75  0.35 0.65 10.5
T g5_wire_M1  0.35 0.7 10.5  0.35 0.7 10.75  0.35 0.65 10.75
T g5_wire_M1  0.21 0.65 10.75  0.21 0.7 11  0.21 0.7 10.75
T g5_wire_M1  0.21 0.65 10.75  0.21 0.65 11  0.21 0.7 11
T g5_wire_M1  0.35 0.65 10.6667  0.21 0.65 11.3333  0.21 0.65 10.6667
T g5_wire_M1  0.35 0.7 10.75  0.35 0.65 11  0.35 0.65 10.75
T g5_wire_M1  0.35 0.7 10.75  0.35 0.7 11  0.35 0.65 11
T g5_wire_M1  0.21 0.65 11  0.21 0.7 11.25  0.21 0.7 11
T g5_wire_M1  0.21 0.65 11  0.21 0.65 11.25  0.21 0.7 11.25
T g5_wire_M1  0.35 0.65 10.6667  0.35 0.65 11.3333  0.21 0.65 11.3333
T g5_wire_M1  0.35 0.7 11  0.35 0.65 11.25  0.35 0.65 11
T g5_wire_M1  0.35 0.7 11  0.35 0.7 11.25  0.35 0.65 11.25
T g5_wire_M1  0.21 0.65 11.25  0.21 0.7 11.5  0.21 0.7 11.25
T g5_wire_M1  0.21 0.65 11.25  0.21 0.65 11.5  0.21 0.7 11.5
T g5_wire_M1  0.35 0.7 11.25  0.35 0.65 11.5  0.35 0.65 11.25
T g5_wire_M1  0.35 0.7 11.25  0.35 0.7 11.5  0.35 0.65 11.5
T g5_wire_M1  0.21 0.65 11.5  0.21 0.7 11.75  0.21 0.7 11.5
T g5_wire_M1  0.35 0.65 11.3333  0.21 0.65 12  0.21 0.65 11.3333
T g5_wire_M1  0.21 0.65 11.5  0.21 0.65 11.75  0.21 0.7 11.75
T g5_wire_M1  0.35 0.7 11.5  0.35 0.65 11.75  0.35 0.65 11.5
T g5_wire_M1  0.35 0.7 11.5  0.35 0.7 11.75  0.35 0.65 11.75
T g5_wire_M1  0.21 0.65 11.75  0.21 0.7 12  0.21 0.7 11.75
T g5_wire_M1  0.35 0.65 11.3333  0.35 0.65 12  0.21 0.65 12
T g5_wire_M1  0.35 0.7 11.75  0.35 0.65 12  0.35 0.65 11.75
T g5_wire_M1  0.21 0.65 11.75  0.21 0.65 12  0.21 0.7 12
T g5_wire_M1  0.21 0.65 12  0.35 0.7 12  0.21 0.7 12
T g5_wire_M1  0.35 0.7 11.75  0.35 0.7 12  0.35 0.65 12
T g5_wire_M1  0.21 0.65 12  0.35 0.65 12  0.35 0.7 12
