0 Refined FastCap file derived from wires_M1oM0_W014_S014_extrapanels3D.lst, referenced in list file wires_M1oM0_W014_S014_extrapanels3D_ref.lst
*
T diel37  -10 1.15 0  -9 0.95 0  -10 0.95 0
T diel37  -10 0.95 0  -10 1.15 1  -10 1.15 0
T diel37  -10 0.95 0  -10 0.95 1  -10 1.15 1
T diel37  -10 1.15 0  -9 1.15 0  -9 0.95 0
T diel37  -9 1.15 0  -8 0.95 0  -9 0.95 0
T diel37  -9 1.15 0  -8 1.15 0  -8 0.95 0
T diel37  -10 0.95 1  -10 1.15 2  -10 1.15 1
T diel37  -10 0.95 1  -10 0.95 2  -10 1.15 2
T diel37  -10 0.95 2  -10 1.15 3  -10 1.15 2
T diel37  -10 0.95 2  -10 0.95 3  -10 1.15 3
T diel37  -10 0.95 3  -10 1.15 4  -10 1.15 3
T diel37  -10 0.95 3  -10 0.95 4  -10 1.15 4
T diel37  -10 0.95 4  -10 1.15 5  -10 1.15 4
T diel37  -10 0.95 4  -10 0.95 5  -10 1.15 5
T diel37  -8 1.15 0  -7 0.95 0  -8 0.95 0
T diel37  -8 1.15 0  -7 1.15 0  -7 0.95 0
T diel37  -7 1.15 0  -6 0.95 0  -7 0.95 0
T diel37  -7 1.15 0  -6 1.15 0  -6 0.95 0
T diel37  -6 1.15 0  -5 0.95 0  -6 0.95 0
T diel37  -6 1.15 0  -5 1.15 0  -5 0.95 0
T diel37  -5 1.15 0  -4 0.95 0  -5 0.95 0
T diel37  -5 1.15 0  -4 1.15 0  -4 0.95 0
T diel37  -4 1.15 0  -3 0.95 0  -4 0.95 0
T diel37  -4 1.15 0  -3 1.15 0  -3 0.95 0
T diel37  -3 1.15 0  -2 0.95 0  -3 0.95 0
T diel37  -3 1.15 0  -2 1.15 0  -2 0.95 0
T diel37  -2 1.15 0  -1 0.95 0  -2 0.95 0
T diel37  -2 1.15 0  -1 1.15 0  -1 0.95 0
T diel37  -1 1.15 0  0 0.95 0  -1 0.95 0
T diel37  -1 1.15 0  0 1.15 0  0 0.95 0
T diel37  -10 0.95 5  -10 1.15 6  -10 1.15 5
T diel37  -10 0.95 5  -10 0.95 6  -10 1.15 6
T diel37  -10 0.95 6  -10 1.15 7  -10 1.15 6
T diel37  -10 0.95 6  -10 0.95 7  -10 1.15 7
T diel37  -10 0.95 7  -10 1.15 8  -10 1.15 7
T diel37  -10 0.95 7  -10 0.95 8  -10 1.15 8
T diel37  -10 0.95 8  -10 1.15 9  -10 1.15 8
T diel37  -10 0.95 8  -10 0.95 9  -10 1.15 9
T diel37  -10 0.95 9  -10 1.15 10  -10 1.15 9
T diel37  -10 0.95 9  -10 0.95 10  -10 1.15 10
T diel37  -10 0.95 10  -10 1.15 11  -10 1.15 10
T diel37  -10 0.95 10  -10 0.95 11  -10 1.15 11
T diel37  -10 0.95 11  -10 1.15 12  -10 1.15 11
T diel37  -10 0.95 11  -10 0.95 12  -10 1.15 12
T diel37  -10 0.95 12  -10 1.15 13  -10 1.15 12
T diel37  -10 0.95 12  -10 0.95 13  -10 1.15 13
T diel37  -10 0.95 13  -10 1.15 14  -10 1.15 13
T diel37  -10 0.95 13  -10 0.95 14  -10 1.15 14
T diel37  -10 0.95 14  -10 1.15 15  -10 1.15 14
T diel37  -10 0.95 14  -10 0.95 15  -10 1.15 15
T diel37  -10 0.95 15  -10 1.15 16  -10 1.15 15
T diel37  -10 0.95 15  -10 0.95 16  -10 1.15 16
T diel37  -10 0.95 16  -10 1.15 17  -10 1.15 16
T diel37  -10 0.95 16  -10 0.95 17  -10 1.15 17
T diel37  -10 0.95 17  -10 1.15 18  -10 1.15 17
T diel37  -10 0.95 17  -10 0.95 18  -10 1.15 18
T diel37  -10 0.95 18  -10 1.15 19  -10 1.15 18
T diel37  -10 0.95 18  -10 0.95 19  -10 1.15 19
T diel37  -10 0.95 19  -10 1.15 20  -10 1.15 19
T diel37  -10 0.95 19  -10 0.95 20  -10 1.15 20
T diel37  -10 0.95 20  -9 1.15 20  -10 1.15 20
T diel37  -10 0.95 20  -9 0.95 20  -9 1.15 20
T diel37  -9 0.95 20  -8 1.15 20  -9 1.15 20
T diel37  -9 0.95 20  -8 0.95 20  -8 1.15 20
T diel37  -8 0.95 20  -7 1.15 20  -8 1.15 20
T diel37  -8 0.95 20  -7 0.95 20  -7 1.15 20
T diel37  -7 0.95 20  -6 1.15 20  -7 1.15 20
T diel37  -7 0.95 20  -6 0.95 20  -6 1.15 20
T diel37  -6 0.95 20  -5 1.15 20  -6 1.15 20
T diel37  -6 0.95 20  -5 0.95 20  -5 1.15 20
T diel37  -5 0.95 20  -4 1.15 20  -5 1.15 20
T diel37  -5 0.95 20  -4 0.95 20  -4 1.15 20
T diel37  -4 0.95 20  -3 1.15 20  -4 1.15 20
T diel37  -4 0.95 20  -3 0.95 20  -3 1.15 20
T diel37  -3 0.95 20  -2 1.15 20  -3 1.15 20
T diel37  -3 0.95 20  -2 0.95 20  -2 1.15 20
T diel37  -2 0.95 20  -1 1.15 20  -2 1.15 20
T diel37  -2 0.95 20  -1 0.95 20  -1 1.15 20
T diel37  -1 0.95 20  0 1.15 20  -1 1.15 20
T diel37  -1 0.95 20  0 0.95 20  0 1.15 20
T diel37  0 1.15 0  1 0.95 0  0 0.95 0
T diel37  0 1.15 0  1 1.15 0  1 0.95 0
T diel37  1 1.15 0  2 0.95 0  1 0.95 0
T diel37  1 1.15 0  2 1.15 0  2 0.95 0
T diel37  2 1.15 0  3 0.95 0  2 0.95 0
T diel37  2 1.15 0  3 1.15 0  3 0.95 0
T diel37  3 1.15 0  4 0.95 0  3 0.95 0
T diel37  3 1.15 0  4 1.15 0  4 0.95 0
T diel37  4 1.15 0  5 0.95 0  4 0.95 0
T diel37  4 1.15 0  5 1.15 0  5 0.95 0
T diel37  5 1.15 0  6 0.95 0  5 0.95 0
T diel37  5 1.15 0  6 1.15 0  6 0.95 0
T diel37  6 1.15 0  7 0.95 0  6 0.95 0
T diel37  6 1.15 0  7 1.15 0  7 0.95 0
T diel37  7 1.15 0  8 0.95 0  7 0.95 0
T diel37  7 1.15 0  8 1.15 0  8 0.95 0
T diel37  8 1.15 0  9 0.95 0  8 0.95 0
T diel37  8 1.15 0  9 1.15 0  9 0.95 0
T diel37  9 1.15 0  10 0.95 0  9 0.95 0
T diel37  9 1.15 0  10 1.15 0  10 0.95 0
T diel37  10 1.15 0  10 0.95 1  10 0.95 0
T diel37  10 1.15 0  10 1.15 1  10 0.95 1
T diel37  10 1.15 1  10 0.95 2  10 0.95 1
T diel37  10 1.15 1  10 1.15 2  10 0.95 2
T diel37  10 1.15 2  10 0.95 3  10 0.95 2
T diel37  10 1.15 2  10 1.15 3  10 0.95 3
T diel37  10 1.15 3  10 0.95 4  10 0.95 3
T diel37  10 1.15 3  10 1.15 4  10 0.95 4
T diel37  10 1.15 4  10 0.95 5  10 0.95 4
T diel37  10 1.15 4  10 1.15 5  10 0.95 5
T diel37  10 1.15 5  10 0.95 6  10 0.95 5
T diel37  10 1.15 5  10 1.15 6  10 0.95 6
T diel37  10 1.15 6  10 0.95 7  10 0.95 6
T diel37  10 1.15 6  10 1.15 7  10 0.95 7
T diel37  10 1.15 7  10 0.95 8  10 0.95 7
T diel37  10 1.15 7  10 1.15 8  10 0.95 8
T diel37  10 1.15 8  10 0.95 9  10 0.95 8
T diel37  10 1.15 8  10 1.15 9  10 0.95 9
T diel37  10 1.15 9  10 0.95 10  10 0.95 9
T diel37  10 1.15 9  10 1.15 10  10 0.95 10
T diel37  10 1.15 10  10 0.95 11  10 0.95 10
T diel37  10 1.15 10  10 1.15 11  10 0.95 11
T diel37  10 1.15 11  10 0.95 12  10 0.95 11
T diel37  10 1.15 11  10 1.15 12  10 0.95 12
T diel37  10 1.15 12  10 0.95 13  10 0.95 12
T diel37  10 1.15 12  10 1.15 13  10 0.95 13
T diel37  10 1.15 13  10 0.95 14  10 0.95 13
T diel37  10 1.15 13  10 1.15 14  10 0.95 14
T diel37  10 1.15 14  10 0.95 15  10 0.95 14
T diel37  10 1.15 14  10 1.15 15  10 0.95 15
T diel37  0 0.95 20  1 1.15 20  0 1.15 20
T diel37  0 0.95 20  1 0.95 20  1 1.15 20
T diel37  1 0.95 20  2 1.15 20  1 1.15 20
T diel37  1 0.95 20  2 0.95 20  2 1.15 20
T diel37  2 0.95 20  3 1.15 20  2 1.15 20
T diel37  2 0.95 20  3 0.95 20  3 1.15 20
T diel37  3 0.95 20  4 1.15 20  3 1.15 20
T diel37  3 0.95 20  4 0.95 20  4 1.15 20
T diel37  4 0.95 20  5 1.15 20  4 1.15 20
T diel37  4 0.95 20  5 0.95 20  5 1.15 20
T diel37  10 1.15 15  10 0.95 16  10 0.95 15
T diel37  10 1.15 15  10 1.15 16  10 0.95 16
T diel37  10 1.15 16  10 0.95 17  10 0.95 16
T diel37  10 1.15 16  10 1.15 17  10 0.95 17
T diel37  10 1.15 17  10 0.95 18  10 0.95 17
T diel37  10 1.15 17  10 1.15 18  10 0.95 18
T diel37  5 0.95 20  6 1.15 20  5 1.15 20
T diel37  5 0.95 20  6 0.95 20  6 1.15 20
T diel37  6 0.95 20  7 1.15 20  6 1.15 20
T diel37  6 0.95 20  7 0.95 20  7 1.15 20
T diel37  7 0.95 20  8 1.15 20  7 1.15 20
T diel37  7 0.95 20  8 0.95 20  8 1.15 20
T diel37  8 0.95 20  9 1.15 20  8 1.15 20
T diel37  8 0.95 20  9 0.95 20  9 1.15 20
T diel37  10 1.15 18  10 0.95 19  10 0.95 18
T diel37  10 1.15 18  10 1.15 19  10 0.95 19
T diel37  9 0.95 20  10 1.15 20  9 1.15 20
T diel37  10 1.15 19  10 0.95 20  10 0.95 19
T diel37  10 1.15 19  10 1.15 20  10 0.95 20
T diel37  9 0.95 20  10 0.95 20  10 1.15 20
