0 Refined FastCap file derived from wires_M1oM0_W014_S014_extrapanels3D.lst, referenced in list file wires_M1oM0_W014_S014_extrapanels3D_ref.lst
*
T diel0  -10 0 0  -10 0.25 1.25  -10 0.25 0
T diel0  -10 0.25 0  -8.75 0 0  -10 0 0
T diel0  -10 0.25 0  -8.75 0.25 0  -8.75 0 0
T diel0  -10 0 0  -10 0 1.25  -10 0.25 1.25
T diel0  -10 0 1.25  -10 0.25 2.5  -10 0.25 1.25
T diel0  -10 0 1.25  -10 0 2.5  -10 0.25 2.5
T diel0  -8.75 0.25 0  -7.5 0 0  -8.75 0 0
T diel0  -8.75 0.25 0  -7.5 0.25 0  -7.5 0 0
T diel0  -10 0 2.5  -10 0.25 3.75  -10 0.25 2.5
T diel0  -10 0 2.5  -10 0 3.75  -10 0.25 3.75
T diel0  -10 0 3.75  -10 0.25 5  -10 0.25 3.75
T diel0  -10 0 3.75  -10 0 5  -10 0.25 5
T diel0  -7.5 0.25 0  -6.25 0 0  -7.5 0 0
T diel0  -7.5 0.25 0  -6.25 0.25 0  -6.25 0 0
T diel0  -6.25 0.25 0  -5 0 0  -6.25 0 0
T diel0  -6.25 0.25 0  -5 0.25 0  -5 0 0
T diel0  -10 0 5  -10 0.25 6.25  -10 0.25 5
T diel0  -10 0 5  -10 0 6.25  -10 0.25 6.25
T diel0  -10 0 6.25  -10 0.25 7.5  -10 0.25 6.25
T diel0  -10 0 6.25  -10 0 7.5  -10 0.25 7.5
T diel0  -10 0 7.5  -10 0.25 8.75  -10 0.25 7.5
T diel0  -10 0 7.5  -10 0 8.75  -10 0.25 8.75
T diel0  -10 0 8.75  -10 0.25 10  -10 0.25 8.75
T diel0  -10 0 8.75  -10 0 10  -10 0.25 10
T diel0  -5 0.25 0  -3.75 0 0  -5 0 0
T diel0  -5 0.25 0  -3.75 0.25 0  -3.75 0 0
T diel0  -3.75 0.25 0  -2.5 0 0  -3.75 0 0
T diel0  -3.75 0.25 0  -2.5 0.25 0  -2.5 0 0
T diel0  -2.5 0.25 0  -1.25 0 0  -2.5 0 0
T diel0  -2.5 0.25 0  -1.25 0.25 0  -1.25 0 0
T diel0  -1.25 0.25 0  0 0 0  -1.25 0 0
T diel0  -1.25 0.25 0  0 0.25 0  0 0 0
T diel0  -10 0 10  -10 0.25 11.25  -10 0.25 10
T diel0  -10 0 10  -10 0 11.25  -10 0.25 11.25
T diel0  -10 0 11.25  -10 0.25 12.5  -10 0.25 11.25
T diel0  -10 0 11.25  -10 0 12.5  -10 0.25 12.5
T diel0  -10 0 12.5  -10 0.25 13.75  -10 0.25 12.5
T diel0  -10 0 12.5  -10 0 13.75  -10 0.25 13.75
T diel0  -10 0 13.75  -10 0.25 15  -10 0.25 13.75
T diel0  -10 0 13.75  -10 0 15  -10 0.25 15
T diel0  -10 0 15  -10 0.25 16.25  -10 0.25 15
T diel0  -10 0 15  -10 0 16.25  -10 0.25 16.25
T diel0  -10 0 16.25  -10 0.25 17.5  -10 0.25 16.25
T diel0  -10 0 16.25  -10 0 17.5  -10 0.25 17.5
T diel0  -10 0 17.5  -10 0.25 18.75  -10 0.25 17.5
T diel0  -10 0 17.5  -10 0 18.75  -10 0.25 18.75
T diel0  -10 0 18.75  -10 0.25 20  -10 0.25 18.75
T diel0  -10 0 18.75  -10 0 20  -10 0.25 20
T diel0  -10 0 20  -8.75 0.25 20  -10 0.25 20
T diel0  -10 0 20  -8.75 0 20  -8.75 0.25 20
T diel0  -8.75 0 20  -7.5 0.25 20  -8.75 0.25 20
T diel0  -8.75 0 20  -7.5 0 20  -7.5 0.25 20
T diel0  -7.5 0 20  -6.25 0.25 20  -7.5 0.25 20
T diel0  -7.5 0 20  -6.25 0 20  -6.25 0.25 20
T diel0  -6.25 0 20  -5 0.25 20  -6.25 0.25 20
T diel0  -6.25 0 20  -5 0 20  -5 0.25 20
T diel0  -5 0 20  -3.75 0.25 20  -5 0.25 20
T diel0  -5 0 20  -3.75 0 20  -3.75 0.25 20
T diel0  -3.75 0 20  -2.5 0.25 20  -3.75 0.25 20
T diel0  -3.75 0 20  -2.5 0 20  -2.5 0.25 20
T diel0  -2.5 0 20  -1.25 0.25 20  -2.5 0.25 20
T diel0  -2.5 0 20  -1.25 0 20  -1.25 0.25 20
T diel0  -1.25 0 20  0 0.25 20  -1.25 0.25 20
T diel0  -1.25 0 20  0 0 20  0 0.25 20
T diel0  0 0.25 0  1.25 0 0  0 0 0
T diel0  0 0.25 0  1.25 0.25 0  1.25 0 0
T diel0  1.25 0.25 0  2.5 0 0  1.25 0 0
T diel0  1.25 0.25 0  2.5 0.25 0  2.5 0 0
T diel0  2.5 0.25 0  3.75 0 0  2.5 0 0
T diel0  2.5 0.25 0  3.75 0.25 0  3.75 0 0
T diel0  3.75 0.25 0  5 0 0  3.75 0 0
T diel0  3.75 0.25 0  5 0.25 0  5 0 0
T diel0  5 0.25 0  6.25 0 0  5 0 0
T diel0  5 0.25 0  6.25 0.25 0  6.25 0 0
T diel0  6.25 0.25 0  7.5 0 0  6.25 0 0
T diel0  6.25 0.25 0  7.5 0.25 0  7.5 0 0
T diel0  7.5 0.25 0  8.75 0 0  7.5 0 0
T diel0  7.5 0.25 0  8.75 0.25 0  8.75 0 0
T diel0  8.75 0.25 0  10 0 0  8.75 0 0
T diel0  8.75 0.25 0  10 0.25 0  10 0 0
T diel0  10 0.25 0  10 0 1.25  10 0 0
T diel0  10 0.25 0  10 0.25 1.25  10 0 1.25
T diel0  10 0.25 1.25  10 0 2.5  10 0 1.25
T diel0  10 0.25 1.25  10 0.25 2.5  10 0 2.5
T diel0  10 0.25 2.5  10 0 3.75  10 0 2.5
T diel0  10 0.25 2.5  10 0.25 3.75  10 0 3.75
T diel0  10 0.25 3.75  10 0 5  10 0 3.75
T diel0  10 0.25 3.75  10 0.25 5  10 0 5
T diel0  10 0.25 5  10 0 6.25  10 0 5
T diel0  10 0.25 5  10 0.25 6.25  10 0 6.25
T diel0  10 0.25 6.25  10 0 7.5  10 0 6.25
T diel0  10 0.25 6.25  10 0.25 7.5  10 0 7.5
T diel0  10 0.25 7.5  10 0 8.75  10 0 7.5
T diel0  10 0.25 7.5  10 0.25 8.75  10 0 8.75
T diel0  10 0.25 8.75  10 0 10  10 0 8.75
T diel0  10 0.25 8.75  10 0.25 10  10 0 10
T diel0  0 0 20  1.25 0.25 20  0 0.25 20
T diel0  0 0 20  1.25 0 20  1.25 0.25 20
T diel0  1.25 0 20  2.5 0.25 20  1.25 0.25 20
T diel0  1.25 0 20  2.5 0 20  2.5 0.25 20
T diel0  2.5 0 20  3.75 0.25 20  2.5 0.25 20
T diel0  2.5 0 20  3.75 0 20  3.75 0.25 20
T diel0  3.75 0 20  5 0.25 20  3.75 0.25 20
T diel0  3.75 0 20  5 0 20  5 0.25 20
T diel0  10 0.25 10  10 0 11.25  10 0 10
T diel0  10 0.25 10  10 0.25 11.25  10 0 11.25
T diel0  10 0.25 11.25  10 0 12.5  10 0 11.25
T diel0  10 0.25 11.25  10 0.25 12.5  10 0 12.5
T diel0  10 0.25 12.5  10 0 13.75  10 0 12.5
T diel0  10 0.25 12.5  10 0.25 13.75  10 0 13.75
T diel0  10 0.25 13.75  10 0 15  10 0 13.75
T diel0  10 0.25 13.75  10 0.25 15  10 0 15
T diel0  5 0 20  6.25 0.25 20  5 0.25 20
T diel0  5 0 20  6.25 0 20  6.25 0.25 20
T diel0  6.25 0 20  7.5 0.25 20  6.25 0.25 20
T diel0  6.25 0 20  7.5 0 20  7.5 0.25 20
T diel0  10 0.25 15  10 0 16.25  10 0 15
T diel0  10 0.25 15  10 0.25 16.25  10 0 16.25
T diel0  10 0.25 16.25  10 0 17.5  10 0 16.25
T diel0  10 0.25 16.25  10 0.25 17.5  10 0 17.5
T diel0  10 0.25 17.5  10 0 18.75  10 0 17.5
T diel0  10 0.25 17.5  10 0.25 18.75  10 0 18.75
T diel0  7.5 0 20  8.75 0.25 20  7.5 0.25 20
T diel0  7.5 0 20  8.75 0 20  8.75 0.25 20
T diel0  10 0.25 18.75  10 0 20  10 0 18.75
T diel0  8.75 0 20  10 0.25 20  8.75 0.25 20
T diel0  8.75 0 20  10 0 20  10 0.25 20
T diel0  10 0.25 18.75  10 0.25 20  10 0 20
