0 Refined FastCap file derived from wires_M1oM0_W014_S014_extrapanels3D.lst, referenced in list file wires_M1oM0_W014_S014_extrapanels3D_ref.lst
*
T diel4  -10 0.3 0  -10 0.65 1.81818  -10 0.65 0
T diel4  -10 0.65 0  -8.18182 0.3 0  -10 0.3 0
T diel4  -10 0.65 0  -8.18182 0.65 0  -8.18182 0.3 0
T diel4  -10 0.3 0  -10 0.3 1.81818  -10 0.65 1.81818
T diel4  -10 0.3 1.81818  -10 0.65 3.63636  -10 0.65 1.81818
T diel4  -10 0.3 1.81818  -10 0.3 3.63636  -10 0.65 3.63636
T diel4  -10 0.3 3.63636  -10 0.65 5.45455  -10 0.65 3.63636
T diel4  -10 0.3 3.63636  -10 0.3 5.45455  -10 0.65 5.45455
T diel4  -8.18182 0.65 0  -6.36364 0.3 0  -8.18182 0.3 0
T diel4  -8.18182 0.65 0  -6.36364 0.65 0  -6.36364 0.3 0
T diel4  -6.36364 0.65 0  -4.54545 0.3 0  -6.36364 0.3 0
T diel4  -6.36364 0.65 0  -4.54545 0.65 0  -4.54545 0.3 0
T diel4  -10 0.3 5.45455  -10 0.65 7.27273  -10 0.65 5.45455
T diel4  -10 0.3 5.45455  -10 0.3 7.27273  -10 0.65 7.27273
T diel4  -10 0.3 7.27273  -10 0.65 9.09091  -10 0.65 7.27273
T diel4  -10 0.3 7.27273  -10 0.3 9.09091  -10 0.65 9.09091
T diel4  -10 0.3 9.09091  -10 0.65 10.9091  -10 0.65 9.09091
T diel4  -4.54545 0.65 0  -2.72727 0.3 0  -4.54545 0.3 0
T diel4  -4.54545 0.65 0  -2.72727 0.65 0  -2.72727 0.3 0
T diel4  -2.72727 0.65 0  -0.909091 0.3 0  -2.72727 0.3 0
T diel4  -2.72727 0.65 0  -0.909091 0.65 0  -0.909091 0.3 0
T diel4  -0.909091 0.65 0  0.909091 0.3 0  -0.909091 0.3 0
T diel4  -10 0.3 9.09091  -10 0.3 10.9091  -10 0.65 10.9091
T diel4  -10 0.3 10.9091  -10 0.65 12.7273  -10 0.65 10.9091
T diel4  -10 0.3 10.9091  -10 0.3 12.7273  -10 0.65 12.7273
T diel4  -10 0.3 12.7273  -10 0.65 14.5455  -10 0.65 12.7273
T diel4  -10 0.3 12.7273  -10 0.3 14.5455  -10 0.65 14.5455
T diel4  -10 0.3 14.5455  -10 0.65 16.3636  -10 0.65 14.5455
T diel4  -10 0.3 14.5455  -10 0.3 16.3636  -10 0.65 16.3636
T diel4  -10 0.3 16.3636  -10 0.65 18.1818  -10 0.65 16.3636
T diel4  -10 0.3 16.3636  -10 0.3 18.1818  -10 0.65 18.1818
T diel4  -10 0.3 18.1818  -10 0.65 20  -10 0.65 18.1818
T diel4  -10 0.3 18.1818  -10 0.3 20  -10 0.65 20
T diel4  -10 0.3 20  -8.18182 0.65 20  -10 0.65 20
T diel4  -10 0.3 20  -8.18182 0.3 20  -8.18182 0.65 20
T diel4  -8.18182 0.3 20  -6.36364 0.65 20  -8.18182 0.65 20
T diel4  -8.18182 0.3 20  -6.36364 0.3 20  -6.36364 0.65 20
T diel4  -6.36364 0.3 20  -4.54545 0.65 20  -6.36364 0.65 20
T diel4  -6.36364 0.3 20  -4.54545 0.3 20  -4.54545 0.65 20
T diel4  -4.54545 0.3 20  -2.72727 0.65 20  -4.54545 0.65 20
T diel4  -4.54545 0.3 20  -2.72727 0.3 20  -2.72727 0.65 20
T diel4  -2.72727 0.3 20  -0.909091 0.65 20  -2.72727 0.65 20
T diel4  -2.72727 0.3 20  -0.909091 0.3 20  -0.909091 0.65 20
T diel4  -0.909091 0.3 20  0.909091 0.65 20  -0.909091 0.65 20
T diel4  -0.909091 0.65 0  0.909091 0.65 0  0.909091 0.3 0
T diel4  0.909091 0.65 0  2.72727 0.3 0  0.909091 0.3 0
T diel4  0.909091 0.65 0  2.72727 0.65 0  2.72727 0.3 0
T diel4  2.72727 0.65 0  4.54545 0.3 0  2.72727 0.3 0
T diel4  2.72727 0.65 0  4.54545 0.65 0  4.54545 0.3 0
T diel4  4.54545 0.65 0  6.36364 0.3 0  4.54545 0.3 0
T diel4  4.54545 0.65 0  6.36364 0.65 0  6.36364 0.3 0
T diel4  6.36364 0.65 0  8.18182 0.3 0  6.36364 0.3 0
T diel4  6.36364 0.65 0  8.18182 0.65 0  8.18182 0.3 0
T diel4  8.18182 0.65 0  10 0.3 0  8.18182 0.3 0
T diel4  8.18182 0.65 0  10 0.65 0  10 0.3 0
T diel4  10 0.65 0  10 0.3 1.81818  10 0.3 0
T diel4  10 0.65 0  10 0.65 1.81818  10 0.3 1.81818
T diel4  10 0.65 1.81818  10 0.3 3.63636  10 0.3 1.81818
T diel4  10 0.65 1.81818  10 0.65 3.63636  10 0.3 3.63636
T diel4  10 0.65 3.63636  10 0.3 5.45455  10 0.3 3.63636
T diel4  10 0.65 3.63636  10 0.65 5.45455  10 0.3 5.45455
T diel4  10 0.65 5.45455  10 0.3 7.27273  10 0.3 5.45455
T diel4  10 0.65 5.45455  10 0.65 7.27273  10 0.3 7.27273
T diel4  10 0.65 7.27273  10 0.3 9.09091  10 0.3 7.27273
T diel4  10 0.65 7.27273  10 0.65 9.09091  10 0.3 9.09091
T diel4  10 0.65 9.09091  10 0.3 10.9091  10 0.3 9.09091
T diel4  -0.909091 0.3 20  0.909091 0.3 20  0.909091 0.65 20
T diel4  0.909091 0.3 20  2.72727 0.65 20  0.909091 0.65 20
T diel4  0.909091 0.3 20  2.72727 0.3 20  2.72727 0.65 20
T diel4  2.72727 0.3 20  4.54545 0.65 20  2.72727 0.65 20
T diel4  2.72727 0.3 20  4.54545 0.3 20  4.54545 0.65 20
T diel4  10 0.65 9.09091  10 0.65 10.9091  10 0.3 10.9091
T diel4  10 0.65 10.9091  10 0.3 12.7273  10 0.3 10.9091
T diel4  10 0.65 10.9091  10 0.65 12.7273  10 0.3 12.7273
T diel4  10 0.65 12.7273  10 0.3 14.5455  10 0.3 12.7273
T diel4  10 0.65 12.7273  10 0.65 14.5455  10 0.3 14.5455
T diel4  4.54545 0.3 20  6.36364 0.65 20  4.54545 0.65 20
T diel4  4.54545 0.3 20  6.36364 0.3 20  6.36364 0.65 20
T diel4  6.36364 0.3 20  8.18182 0.65 20  6.36364 0.65 20
T diel4  6.36364 0.3 20  8.18182 0.3 20  8.18182 0.65 20
T diel4  10 0.65 14.5455  10 0.3 16.3636  10 0.3 14.5455
T diel4  10 0.65 14.5455  10 0.65 16.3636  10 0.3 16.3636
T diel4  10 0.65 16.3636  10 0.3 18.1818  10 0.3 16.3636
T diel4  10 0.65 16.3636  10 0.65 18.1818  10 0.3 18.1818
T diel4  10 0.65 18.1818  10 0.3 20  10 0.3 18.1818
T diel4  10 0.65 18.1818  10 0.65 20  10 0.3 20
T diel4  8.18182 0.3 20  10 0.65 20  8.18182 0.65 20
T diel4  8.18182 0.3 20  10 0.3 20  10 0.65 20
