0 Refined FastCap file derived from wires_M1oM0_W014_S014_extrapanels3D.lst, referenced in list file wires_M1oM0_W014_S014_extrapanels3D_ref.lst
*
T diel35  -10 0.95 0  -9.75 0.9 0  -10 0.9 0
T diel35  -10 0.9 0  -10 0.95 0.25  -10 0.95 0
T diel35  -10 0.9 0  -10 0.9 0.25  -10 0.95 0.25
T diel35  -10 0.95 0  -9.75 0.95 0  -9.75 0.9 0
T diel35  -9.75 0.95 0  -9.5 0.9 0  -9.75 0.9 0
T diel35  -9.75 0.95 0  -9.5 0.95 0  -9.5 0.9 0
T diel35  -9.5 0.95 0  -9.25 0.9 0  -9.5 0.9 0
T diel35  -10 0.9 0.25  -10 0.95 0.5  -10 0.95 0.25
T diel35  -10 0.9 0.25  -10 0.9 0.5  -10 0.95 0.5
T diel35  -10 0.9 0.5  -10 0.95 0.75  -10 0.95 0.5
T diel35  -10 0.9 0.5  -10 0.9 0.75  -10 0.95 0.75
T diel35  -10 0.9 0.75  -10 0.95 1  -10 0.95 0.75
T diel35  -10 0.9 0.75  -10 0.9 1  -10 0.95 1
T diel35  -10 0.9 1  -10 0.95 1.25  -10 0.95 1
T diel35  -10 0.9 1  -10 0.9 1.25  -10 0.95 1.25
T diel35  -9.5 0.95 0  -9.25 0.95 0  -9.25 0.9 0
T diel35  -9.25 0.95 0  -9 0.9 0  -9.25 0.9 0
T diel35  -9.25 0.95 0  -9 0.95 0  -9 0.9 0
T diel35  -9 0.95 0  -8.75 0.9 0  -9 0.9 0
T diel35  -9 0.95 0  -8.75 0.95 0  -8.75 0.9 0
T diel35  -8.75 0.95 0  -8.5 0.9 0  -8.75 0.9 0
T diel35  -8.75 0.95 0  -8.5 0.95 0  -8.5 0.9 0
T diel35  -8.5 0.95 0  -8.25 0.9 0  -8.5 0.9 0
T diel35  -8.5 0.95 0  -8.25 0.95 0  -8.25 0.9 0
T diel35  -8.25 0.95 0  -8 0.9 0  -8.25 0.9 0
T diel35  -8.25 0.95 0  -8 0.95 0  -8 0.9 0
T diel35  -8 0.95 0  -7.75 0.9 0  -8 0.9 0
T diel35  -8 0.95 0  -7.75 0.95 0  -7.75 0.9 0
T diel35  -7.75 0.95 0  -7.5 0.9 0  -7.75 0.9 0
T diel35  -7.75 0.95 0  -7.5 0.95 0  -7.5 0.9 0
T diel35  -10 0.9 1.25  -10 0.95 1.5  -10 0.95 1.25
T diel35  -10 0.9 1.25  -10 0.9 1.5  -10 0.95 1.5
T diel35  -10 0.9 1.5  -10 0.95 1.75  -10 0.95 1.5
T diel35  -10 0.9 1.5  -10 0.9 1.75  -10 0.95 1.75
T diel35  -10 0.9 1.75  -10 0.95 2  -10 0.95 1.75
T diel35  -10 0.9 1.75  -10 0.9 2  -10 0.95 2
T diel35  -10 0.9 2  -10 0.95 2.25  -10 0.95 2
T diel35  -10 0.9 2  -10 0.9 2.25  -10 0.95 2.25
T diel35  -10 0.9 2.25  -10 0.95 2.5  -10 0.95 2.25
T diel35  -10 0.9 2.25  -10 0.9 2.5  -10 0.95 2.5
T diel35  -10 0.9 2.5  -10 0.95 2.75  -10 0.95 2.5
T diel35  -10 0.9 2.5  -10 0.9 2.75  -10 0.95 2.75
T diel35  -10 0.9 2.75  -10 0.95 3  -10 0.95 2.75
T diel35  -10 0.9 2.75  -10 0.9 3  -10 0.95 3
T diel35  -10 0.9 3  -10 0.95 3.25  -10 0.95 3
T diel35  -10 0.9 3  -10 0.9 3.25  -10 0.95 3.25
T diel35  -10 0.9 3.25  -10 0.95 3.5  -10 0.95 3.25
T diel35  -10 0.9 3.25  -10 0.9 3.5  -10 0.95 3.5
T diel35  -10 0.9 3.5  -10 0.95 3.75  -10 0.95 3.5
T diel35  -10 0.9 3.5  -10 0.9 3.75  -10 0.95 3.75
T diel35  -10 0.9 3.75  -10 0.95 4  -10 0.95 3.75
T diel35  -10 0.9 3.75  -10 0.9 4  -10 0.95 4
T diel35  -10 0.9 4  -10 0.95 4.25  -10 0.95 4
T diel35  -10 0.9 4  -10 0.9 4.25  -10 0.95 4.25
T diel35  -10 0.9 4.25  -10 0.95 4.5  -10 0.95 4.25
T diel35  -10 0.9 4.25  -10 0.9 4.5  -10 0.95 4.5
T diel35  -10 0.9 4.5  -10 0.95 4.75  -10 0.95 4.5
T diel35  -10 0.9 4.5  -10 0.9 4.75  -10 0.95 4.75
T diel35  -10 0.9 4.75  -10 0.95 5  -10 0.95 4.75
T diel35  -10 0.9 4.75  -10 0.9 5  -10 0.95 5
T diel35  -7.5 0.95 0  -7.25 0.9 0  -7.5 0.9 0
T diel35  -7.5 0.95 0  -7.25 0.95 0  -7.25 0.9 0
T diel35  -7.25 0.95 0  -7 0.9 0  -7.25 0.9 0
T diel35  -7.25 0.95 0  -7 0.95 0  -7 0.9 0
T diel35  -7 0.95 0  -6.75 0.9 0  -7 0.9 0
T diel35  -7 0.95 0  -6.75 0.95 0  -6.75 0.9 0
T diel35  -6.75 0.95 0  -6.5 0.9 0  -6.75 0.9 0
T diel35  -6.75 0.95 0  -6.5 0.95 0  -6.5 0.9 0
T diel35  -6.5 0.95 0  -6.25 0.9 0  -6.5 0.9 0
T diel35  -6.5 0.95 0  -6.25 0.95 0  -6.25 0.9 0
T diel35  -6.25 0.95 0  -6 0.9 0  -6.25 0.9 0
T diel35  -6.25 0.95 0  -6 0.95 0  -6 0.9 0
T diel35  -6 0.95 0  -5.75 0.9 0  -6 0.9 0
T diel35  -6 0.95 0  -5.75 0.95 0  -5.75 0.9 0
T diel35  -5.75 0.95 0  -5.5 0.9 0  -5.75 0.9 0
T diel35  -5.75 0.95 0  -5.5 0.95 0  -5.5 0.9 0
T diel35  -5.5 0.95 0  -5.25 0.9 0  -5.5 0.9 0
T diel35  -5.5 0.95 0  -5.25 0.95 0  -5.25 0.9 0
T diel35  -5.25 0.95 0  -5 0.9 0  -5.25 0.9 0
T diel35  -5.25 0.95 0  -5 0.95 0  -5 0.9 0
T diel35  -5 0.95 0  -4.75 0.9 0  -5 0.9 0
T diel35  -5 0.95 0  -4.75 0.95 0  -4.75 0.9 0
T diel35  -4.75 0.95 0  -4.5 0.9 0  -4.75 0.9 0
T diel35  -4.75 0.95 0  -4.5 0.95 0  -4.5 0.9 0
T diel35  -4.5 0.95 0  -4.25 0.9 0  -4.5 0.9 0
T diel35  -4.5 0.95 0  -4.25 0.95 0  -4.25 0.9 0
T diel35  -4.25 0.95 0  -4 0.9 0  -4.25 0.9 0
T diel35  -4.25 0.95 0  -4 0.95 0  -4 0.9 0
T diel35  -4 0.95 0  -3.75 0.9 0  -4 0.9 0
T diel35  -4 0.95 0  -3.75 0.95 0  -3.75 0.9 0
T diel35  -3.75 0.95 0  -3.5 0.9 0  -3.75 0.9 0
T diel35  -3.75 0.95 0  -3.5 0.95 0  -3.5 0.9 0
T diel35  -3.5 0.95 0  -3.25 0.9 0  -3.5 0.9 0
T diel35  -3.5 0.95 0  -3.25 0.95 0  -3.25 0.9 0
T diel35  -3.25 0.95 0  -3 0.9 0  -3.25 0.9 0
T diel35  -3.25 0.95 0  -3 0.95 0  -3 0.9 0
T diel35  -3 0.95 0  -2.75 0.9 0  -3 0.9 0
T diel35  -3 0.95 0  -2.75 0.95 0  -2.75 0.9 0
T diel35  -2.75 0.95 0  -2.5 0.9 0  -2.75 0.9 0
T diel35  -2.75 0.95 0  -2.5 0.95 0  -2.5 0.9 0
T diel35  -2.5 0.95 0  -2.25 0.9 0  -2.5 0.9 0
T diel35  -2.5 0.95 0  -2.25 0.95 0  -2.25 0.9 0
T diel35  -2.25 0.95 0  -2 0.9 0  -2.25 0.9 0
T diel35  -2.25 0.95 0  -2 0.95 0  -2 0.9 0
T diel35  -2 0.95 0  -1.75 0.9 0  -2 0.9 0
T diel35  -2 0.95 0  -1.75 0.95 0  -1.75 0.9 0
T diel35  -1.75 0.95 0  -1.5 0.9 0  -1.75 0.9 0
T diel35  -1.75 0.95 0  -1.5 0.95 0  -1.5 0.9 0
T diel35  -1.5 0.95 0  -1.25 0.9 0  -1.5 0.9 0
T diel35  -1.5 0.95 0  -1.25 0.95 0  -1.25 0.9 0
T diel35  -1.25 0.95 0  -1 0.9 0  -1.25 0.9 0
T diel35  -1.25 0.95 0  -1 0.95 0  -1 0.9 0
T diel35  -1 0.95 0  -0.75 0.9 0  -1 0.9 0
T diel35  -1 0.95 0  -0.75 0.95 0  -0.75 0.9 0
T diel35  -0.75 0.95 0  -0.5 0.9 0  -0.75 0.9 0
T diel35  -0.75 0.95 0  -0.5 0.95 0  -0.5 0.9 0
T diel35  -0.5 0.95 0  -0.25 0.9 0  -0.5 0.9 0
T diel35  -0.5 0.95 0  -0.25 0.95 0  -0.25 0.9 0
T diel35  -0.25 0.95 0  0 0.9 0  -0.25 0.9 0
T diel35  -0.25 0.95 0  0 0.95 0  0 0.9 0
T diel35  -10 0.9 5  -10 0.95 5.25  -10 0.95 5
T diel35  -10 0.9 5  -10 0.9 5.25  -10 0.95 5.25
T diel35  -10 0.9 5.25  -10 0.95 5.5  -10 0.95 5.25
T diel35  -10 0.9 5.25  -10 0.9 5.5  -10 0.95 5.5
T diel35  -10 0.9 5.5  -10 0.95 5.75  -10 0.95 5.5
T diel35  -10 0.9 5.5  -10 0.9 5.75  -10 0.95 5.75
T diel35  -10 0.9 5.75  -10 0.95 6  -10 0.95 5.75
T diel35  -10 0.9 5.75  -10 0.9 6  -10 0.95 6
T diel35  -10 0.9 6  -10 0.95 6.25  -10 0.95 6
T diel35  -10 0.9 6  -10 0.9 6.25  -10 0.95 6.25
T diel35  -10 0.9 6.25  -10 0.95 6.5  -10 0.95 6.25
T diel35  -10 0.9 6.25  -10 0.9 6.5  -10 0.95 6.5
T diel35  -10 0.9 6.5  -10 0.95 6.75  -10 0.95 6.5
T diel35  -10 0.9 6.5  -10 0.9 6.75  -10 0.95 6.75
T diel35  -10 0.9 6.75  -10 0.95 7  -10 0.95 6.75
T diel35  -10 0.9 6.75  -10 0.9 7  -10 0.95 7
T diel35  -10 0.9 7  -10 0.95 7.25  -10 0.95 7
T diel35  -10 0.9 7  -10 0.9 7.25  -10 0.95 7.25
T diel35  -10 0.9 7.25  -10 0.95 7.5  -10 0.95 7.25
T diel35  -10 0.9 7.25  -10 0.9 7.5  -10 0.95 7.5
T diel35  -10 0.9 7.5  -10 0.95 7.75  -10 0.95 7.5
T diel35  -10 0.9 7.5  -10 0.9 7.75  -10 0.95 7.75
T diel35  -10 0.9 7.75  -10 0.95 8  -10 0.95 7.75
T diel35  -10 0.9 7.75  -10 0.9 8  -10 0.95 8
T diel35  -10 0.9 8  -10 0.95 8.25  -10 0.95 8
T diel35  -10 0.9 8  -10 0.9 8.25  -10 0.95 8.25
T diel35  -10 0.9 8.25  -10 0.95 8.5  -10 0.95 8.25
T diel35  -10 0.9 8.25  -10 0.9 8.5  -10 0.95 8.5
T diel35  -10 0.9 8.5  -10 0.95 8.75  -10 0.95 8.5
T diel35  -10 0.9 8.5  -10 0.9 8.75  -10 0.95 8.75
T diel35  -10 0.9 8.75  -10 0.95 9  -10 0.95 8.75
T diel35  -10 0.9 8.75  -10 0.9 9  -10 0.95 9
T diel35  -10 0.9 9  -10 0.95 9.25  -10 0.95 9
T diel35  -10 0.9 9  -10 0.9 9.25  -10 0.95 9.25
T diel35  -10 0.9 9.25  -10 0.95 9.5  -10 0.95 9.25
T diel35  -10 0.9 9.25  -10 0.9 9.5  -10 0.95 9.5
T diel35  -10 0.9 9.5  -10 0.95 9.75  -10 0.95 9.5
T diel35  -10 0.9 9.5  -10 0.9 9.75  -10 0.95 9.75
T diel35  -10 0.9 9.75  -10 0.95 10  -10 0.95 9.75
T diel35  -10 0.9 9.75  -10 0.9 10  -10 0.95 10
T diel35  -10 0.9 10  -10 0.95 10.25  -10 0.95 10
T diel35  -10 0.9 10  -10 0.9 10.25  -10 0.95 10.25
T diel35  -10 0.9 10.25  -10 0.95 10.5  -10 0.95 10.25
T diel35  -10 0.9 10.25  -10 0.9 10.5  -10 0.95 10.5
T diel35  -10 0.9 10.5  -10 0.95 10.75  -10 0.95 10.5
T diel35  -10 0.9 10.5  -10 0.9 10.75  -10 0.95 10.75
T diel35  -10 0.9 10.75  -10 0.95 11  -10 0.95 10.75
T diel35  -10 0.9 10.75  -10 0.9 11  -10 0.95 11
T diel35  -10 0.9 11  -10 0.95 11.25  -10 0.95 11
T diel35  -10 0.9 11  -10 0.9 11.25  -10 0.95 11.25
T diel35  -10 0.9 11.25  -10 0.95 11.5  -10 0.95 11.25
T diel35  -10 0.9 11.25  -10 0.9 11.5  -10 0.95 11.5
T diel35  -10 0.9 11.5  -10 0.95 11.75  -10 0.95 11.5
T diel35  -10 0.9 11.5  -10 0.9 11.75  -10 0.95 11.75
T diel35  -10 0.9 11.75  -10 0.95 12  -10 0.95 11.75
T diel35  -10 0.9 11.75  -10 0.9 12  -10 0.95 12
T diel35  -10 0.9 12  -10 0.95 12.25  -10 0.95 12
T diel35  -10 0.9 12  -10 0.9 12.25  -10 0.95 12.25
T diel35  -10 0.9 12.25  -10 0.95 12.5  -10 0.95 12.25
T diel35  -10 0.9 12.25  -10 0.9 12.5  -10 0.95 12.5
T diel35  -10 0.9 12.5  -10 0.95 12.75  -10 0.95 12.5
T diel35  -10 0.9 12.5  -10 0.9 12.75  -10 0.95 12.75
T diel35  -10 0.9 12.75  -10 0.95 13  -10 0.95 12.75
T diel35  -10 0.9 12.75  -10 0.9 13  -10 0.95 13
T diel35  -10 0.9 13  -10 0.95 13.25  -10 0.95 13
T diel35  -10 0.9 13  -10 0.9 13.25  -10 0.95 13.25
T diel35  -10 0.9 13.25  -10 0.95 13.5  -10 0.95 13.25
T diel35  -10 0.9 13.25  -10 0.9 13.5  -10 0.95 13.5
T diel35  -10 0.9 13.5  -10 0.95 13.75  -10 0.95 13.5
T diel35  -10 0.9 13.5  -10 0.9 13.75  -10 0.95 13.75
T diel35  -10 0.9 13.75  -10 0.95 14  -10 0.95 13.75
T diel35  -10 0.9 13.75  -10 0.9 14  -10 0.95 14
T diel35  -10 0.9 14  -10 0.95 14.25  -10 0.95 14
T diel35  -10 0.9 14  -10 0.9 14.25  -10 0.95 14.25
T diel35  -10 0.9 14.25  -10 0.95 14.5  -10 0.95 14.25
T diel35  -10 0.9 14.25  -10 0.9 14.5  -10 0.95 14.5
T diel35  -10 0.9 14.5  -10 0.95 14.75  -10 0.95 14.5
T diel35  -10 0.9 14.5  -10 0.9 14.75  -10 0.95 14.75
T diel35  -10 0.9 14.75  -10 0.95 15  -10 0.95 14.75
T diel35  -10 0.9 14.75  -10 0.9 15  -10 0.95 15
T diel35  -10 0.9 15  -10 0.95 15.25  -10 0.95 15
T diel35  -10 0.9 15  -10 0.9 15.25  -10 0.95 15.25
T diel35  -10 0.9 15.25  -10 0.95 15.5  -10 0.95 15.25
T diel35  -10 0.9 15.25  -10 0.9 15.5  -10 0.95 15.5
T diel35  -10 0.9 15.5  -10 0.95 15.75  -10 0.95 15.5
T diel35  -10 0.9 15.5  -10 0.9 15.75  -10 0.95 15.75
T diel35  -10 0.9 15.75  -10 0.95 16  -10 0.95 15.75
T diel35  -10 0.9 15.75  -10 0.9 16  -10 0.95 16
T diel35  -10 0.9 16  -10 0.95 16.25  -10 0.95 16
T diel35  -10 0.9 16  -10 0.9 16.25  -10 0.95 16.25
T diel35  -10 0.9 16.25  -10 0.95 16.5  -10 0.95 16.25
T diel35  -10 0.9 16.25  -10 0.9 16.5  -10 0.95 16.5
T diel35  -10 0.9 16.5  -10 0.95 16.75  -10 0.95 16.5
T diel35  -10 0.9 16.5  -10 0.9 16.75  -10 0.95 16.75
T diel35  -10 0.9 16.75  -10 0.95 17  -10 0.95 16.75
T diel35  -10 0.9 16.75  -10 0.9 17  -10 0.95 17
T diel35  -10 0.9 17  -10 0.95 17.25  -10 0.95 17
T diel35  -10 0.9 17  -10 0.9 17.25  -10 0.95 17.25
T diel35  -10 0.9 17.25  -10 0.95 17.5  -10 0.95 17.25
T diel35  -10 0.9 17.25  -10 0.9 17.5  -10 0.95 17.5
T diel35  -10 0.9 17.5  -10 0.95 17.75  -10 0.95 17.5
T diel35  -10 0.9 17.5  -10 0.9 17.75  -10 0.95 17.75
T diel35  -10 0.9 17.75  -10 0.95 18  -10 0.95 17.75
T diel35  -10 0.9 17.75  -10 0.9 18  -10 0.95 18
T diel35  -10 0.9 18  -10 0.95 18.25  -10 0.95 18
T diel35  -10 0.9 18  -10 0.9 18.25  -10 0.95 18.25
T diel35  -10 0.9 18.25  -10 0.95 18.5  -10 0.95 18.25
T diel35  -10 0.9 18.25  -10 0.9 18.5  -10 0.95 18.5
T diel35  -10 0.9 18.5  -10 0.95 18.75  -10 0.95 18.5
T diel35  -10 0.9 18.5  -10 0.9 18.75  -10 0.95 18.75
T diel35  -10 0.9 18.75  -10 0.95 19  -10 0.95 18.75
T diel35  -10 0.9 18.75  -10 0.9 19  -10 0.95 19
T diel35  -10 0.9 19  -10 0.95 19.25  -10 0.95 19
T diel35  -10 0.9 19  -10 0.9 19.25  -10 0.95 19.25
T diel35  -10 0.9 19.25  -10 0.95 19.5  -10 0.95 19.25
T diel35  -10 0.9 19.25  -10 0.9 19.5  -10 0.95 19.5
T diel35  -10 0.9 19.5  -10 0.95 19.75  -10 0.95 19.5
T diel35  -10 0.9 19.5  -10 0.9 19.75  -10 0.95 19.75
T diel35  -10 0.9 19.75  -10 0.95 20  -10 0.95 19.75
T diel35  -10 0.9 19.75  -10 0.9 20  -10 0.95 20
T diel35  -10 0.9 20  -9.75 0.95 20  -10 0.95 20
T diel35  -10 0.9 20  -9.75 0.9 20  -9.75 0.95 20
T diel35  -9.75 0.9 20  -9.5 0.95 20  -9.75 0.95 20
T diel35  -9.75 0.9 20  -9.5 0.9 20  -9.5 0.95 20
T diel35  -9.5 0.9 20  -9.25 0.95 20  -9.5 0.95 20
T diel35  -9.5 0.9 20  -9.25 0.9 20  -9.25 0.95 20
T diel35  -9.25 0.9 20  -9 0.95 20  -9.25 0.95 20
T diel35  -9.25 0.9 20  -9 0.9 20  -9 0.95 20
T diel35  -9 0.9 20  -8.75 0.95 20  -9 0.95 20
T diel35  -9 0.9 20  -8.75 0.9 20  -8.75 0.95 20
T diel35  -8.75 0.9 20  -8.5 0.95 20  -8.75 0.95 20
T diel35  -8.75 0.9 20  -8.5 0.9 20  -8.5 0.95 20
T diel35  -8.5 0.9 20  -8.25 0.95 20  -8.5 0.95 20
T diel35  -8.5 0.9 20  -8.25 0.9 20  -8.25 0.95 20
T diel35  -8.25 0.9 20  -8 0.95 20  -8.25 0.95 20
T diel35  -8.25 0.9 20  -8 0.9 20  -8 0.95 20
T diel35  -8 0.9 20  -7.75 0.95 20  -8 0.95 20
T diel35  -8 0.9 20  -7.75 0.9 20  -7.75 0.95 20
T diel35  -7.75 0.9 20  -7.5 0.95 20  -7.75 0.95 20
T diel35  -7.75 0.9 20  -7.5 0.9 20  -7.5 0.95 20
T diel35  -7.5 0.9 20  -7.25 0.95 20  -7.5 0.95 20
T diel35  -7.5 0.9 20  -7.25 0.9 20  -7.25 0.95 20
T diel35  -7.25 0.9 20  -7 0.95 20  -7.25 0.95 20
T diel35  -7.25 0.9 20  -7 0.9 20  -7 0.95 20
T diel35  -7 0.9 20  -6.75 0.95 20  -7 0.95 20
T diel35  -7 0.9 20  -6.75 0.9 20  -6.75 0.95 20
T diel35  -6.75 0.9 20  -6.5 0.95 20  -6.75 0.95 20
T diel35  -6.75 0.9 20  -6.5 0.9 20  -6.5 0.95 20
T diel35  -6.5 0.9 20  -6.25 0.95 20  -6.5 0.95 20
T diel35  -6.5 0.9 20  -6.25 0.9 20  -6.25 0.95 20
T diel35  -6.25 0.9 20  -6 0.95 20  -6.25 0.95 20
T diel35  -6.25 0.9 20  -6 0.9 20  -6 0.95 20
T diel35  -6 0.9 20  -5.75 0.95 20  -6 0.95 20
T diel35  -6 0.9 20  -5.75 0.9 20  -5.75 0.95 20
T diel35  -5.75 0.9 20  -5.5 0.95 20  -5.75 0.95 20
T diel35  -5.75 0.9 20  -5.5 0.9 20  -5.5 0.95 20
T diel35  -5.5 0.9 20  -5.25 0.95 20  -5.5 0.95 20
T diel35  -5.5 0.9 20  -5.25 0.9 20  -5.25 0.95 20
T diel35  -5.25 0.9 20  -5 0.95 20  -5.25 0.95 20
T diel35  -5.25 0.9 20  -5 0.9 20  -5 0.95 20
T diel35  -5 0.9 20  -4.75 0.95 20  -5 0.95 20
T diel35  -5 0.9 20  -4.75 0.9 20  -4.75 0.95 20
T diel35  -4.75 0.9 20  -4.5 0.95 20  -4.75 0.95 20
T diel35  -4.75 0.9 20  -4.5 0.9 20  -4.5 0.95 20
T diel35  -4.5 0.9 20  -4.25 0.95 20  -4.5 0.95 20
T diel35  -4.5 0.9 20  -4.25 0.9 20  -4.25 0.95 20
T diel35  -4.25 0.9 20  -4 0.95 20  -4.25 0.95 20
T diel35  -4.25 0.9 20  -4 0.9 20  -4 0.95 20
T diel35  -4 0.9 20  -3.75 0.95 20  -4 0.95 20
T diel35  -4 0.9 20  -3.75 0.9 20  -3.75 0.95 20
T diel35  -3.75 0.9 20  -3.5 0.95 20  -3.75 0.95 20
T diel35  -3.75 0.9 20  -3.5 0.9 20  -3.5 0.95 20
T diel35  -3.5 0.9 20  -3.25 0.95 20  -3.5 0.95 20
T diel35  -3.5 0.9 20  -3.25 0.9 20  -3.25 0.95 20
T diel35  -3.25 0.9 20  -3 0.95 20  -3.25 0.95 20
T diel35  -3.25 0.9 20  -3 0.9 20  -3 0.95 20
T diel35  -3 0.9 20  -2.75 0.95 20  -3 0.95 20
T diel35  -3 0.9 20  -2.75 0.9 20  -2.75 0.95 20
T diel35  -2.75 0.9 20  -2.5 0.95 20  -2.75 0.95 20
T diel35  -2.75 0.9 20  -2.5 0.9 20  -2.5 0.95 20
T diel35  -2.5 0.9 20  -2.25 0.95 20  -2.5 0.95 20
T diel35  -2.5 0.9 20  -2.25 0.9 20  -2.25 0.95 20
T diel35  -2.25 0.9 20  -2 0.95 20  -2.25 0.95 20
T diel35  -2.25 0.9 20  -2 0.9 20  -2 0.95 20
T diel35  -2 0.9 20  -1.75 0.95 20  -2 0.95 20
T diel35  -2 0.9 20  -1.75 0.9 20  -1.75 0.95 20
T diel35  -1.75 0.9 20  -1.5 0.95 20  -1.75 0.95 20
T diel35  -1.75 0.9 20  -1.5 0.9 20  -1.5 0.95 20
T diel35  -1.5 0.9 20  -1.25 0.95 20  -1.5 0.95 20
T diel35  -1.5 0.9 20  -1.25 0.9 20  -1.25 0.95 20
T diel35  -1.25 0.9 20  -1 0.95 20  -1.25 0.95 20
T diel35  -1.25 0.9 20  -1 0.9 20  -1 0.95 20
T diel35  -1 0.9 20  -0.75 0.95 20  -1 0.95 20
T diel35  -1 0.9 20  -0.75 0.9 20  -0.75 0.95 20
T diel35  -0.75 0.9 20  -0.5 0.95 20  -0.75 0.95 20
T diel35  -0.75 0.9 20  -0.5 0.9 20  -0.5 0.95 20
T diel35  -0.5 0.9 20  -0.25 0.95 20  -0.5 0.95 20
T diel35  -0.5 0.9 20  -0.25 0.9 20  -0.25 0.95 20
T diel35  -0.25 0.9 20  0 0.95 20  -0.25 0.95 20
T diel35  -0.25 0.9 20  0 0.9 20  0 0.95 20
T diel35  0 0.95 0  0.25 0.9 0  0 0.9 0
T diel35  0 0.95 0  0.25 0.95 0  0.25 0.9 0
T diel35  0.25 0.95 0  0.5 0.9 0  0.25 0.9 0
T diel35  0.25 0.95 0  0.5 0.95 0  0.5 0.9 0
T diel35  0.5 0.95 0  0.75 0.9 0  0.5 0.9 0
T diel35  0.5 0.95 0  0.75 0.95 0  0.75 0.9 0
T diel35  0.75 0.95 0  1 0.9 0  0.75 0.9 0
T diel35  0.75 0.95 0  1 0.95 0  1 0.9 0
T diel35  1 0.95 0  1.25 0.9 0  1 0.9 0
T diel35  1 0.95 0  1.25 0.95 0  1.25 0.9 0
T diel35  1.25 0.95 0  1.5 0.9 0  1.25 0.9 0
T diel35  1.25 0.95 0  1.5 0.95 0  1.5 0.9 0
T diel35  1.5 0.95 0  1.75 0.9 0  1.5 0.9 0
T diel35  1.5 0.95 0  1.75 0.95 0  1.75 0.9 0
T diel35  1.75 0.95 0  2 0.9 0  1.75 0.9 0
T diel35  1.75 0.95 0  2 0.95 0  2 0.9 0
T diel35  2 0.95 0  2.25 0.9 0  2 0.9 0
T diel35  2 0.95 0  2.25 0.95 0  2.25 0.9 0
T diel35  2.25 0.95 0  2.5 0.9 0  2.25 0.9 0
T diel35  2.25 0.95 0  2.5 0.95 0  2.5 0.9 0
T diel35  2.5 0.95 0  2.75 0.9 0  2.5 0.9 0
T diel35  2.5 0.95 0  2.75 0.95 0  2.75 0.9 0
T diel35  2.75 0.95 0  3 0.9 0  2.75 0.9 0
T diel35  2.75 0.95 0  3 0.95 0  3 0.9 0
T diel35  3 0.95 0  3.25 0.9 0  3 0.9 0
T diel35  3 0.95 0  3.25 0.95 0  3.25 0.9 0
T diel35  3.25 0.95 0  3.5 0.9 0  3.25 0.9 0
T diel35  3.25 0.95 0  3.5 0.95 0  3.5 0.9 0
T diel35  3.5 0.95 0  3.75 0.9 0  3.5 0.9 0
T diel35  3.5 0.95 0  3.75 0.95 0  3.75 0.9 0
T diel35  3.75 0.95 0  4 0.9 0  3.75 0.9 0
T diel35  3.75 0.95 0  4 0.95 0  4 0.9 0
T diel35  4 0.95 0  4.25 0.9 0  4 0.9 0
T diel35  4 0.95 0  4.25 0.95 0  4.25 0.9 0
T diel35  4.25 0.95 0  4.5 0.9 0  4.25 0.9 0
T diel35  4.25 0.95 0  4.5 0.95 0  4.5 0.9 0
T diel35  4.5 0.95 0  4.75 0.9 0  4.5 0.9 0
T diel35  4.5 0.95 0  4.75 0.95 0  4.75 0.9 0
T diel35  4.75 0.95 0  5 0.9 0  4.75 0.9 0
T diel35  4.75 0.95 0  5 0.95 0  5 0.9 0
T diel35  5 0.95 0  5.25 0.9 0  5 0.9 0
T diel35  5 0.95 0  5.25 0.95 0  5.25 0.9 0
T diel35  5.25 0.95 0  5.5 0.9 0  5.25 0.9 0
T diel35  5.25 0.95 0  5.5 0.95 0  5.5 0.9 0
T diel35  5.5 0.95 0  5.75 0.9 0  5.5 0.9 0
T diel35  5.5 0.95 0  5.75 0.95 0  5.75 0.9 0
T diel35  5.75 0.95 0  6 0.9 0  5.75 0.9 0
T diel35  5.75 0.95 0  6 0.95 0  6 0.9 0
T diel35  6 0.95 0  6.25 0.9 0  6 0.9 0
T diel35  6 0.95 0  6.25 0.95 0  6.25 0.9 0
T diel35  6.25 0.95 0  6.5 0.9 0  6.25 0.9 0
T diel35  6.25 0.95 0  6.5 0.95 0  6.5 0.9 0
T diel35  6.5 0.95 0  6.75 0.9 0  6.5 0.9 0
T diel35  6.5 0.95 0  6.75 0.95 0  6.75 0.9 0
T diel35  6.75 0.95 0  7 0.9 0  6.75 0.9 0
T diel35  6.75 0.95 0  7 0.95 0  7 0.9 0
T diel35  7 0.95 0  7.25 0.9 0  7 0.9 0
T diel35  7 0.95 0  7.25 0.95 0  7.25 0.9 0
T diel35  7.25 0.95 0  7.5 0.9 0  7.25 0.9 0
T diel35  7.25 0.95 0  7.5 0.95 0  7.5 0.9 0
T diel35  7.5 0.95 0  7.75 0.9 0  7.5 0.9 0
T diel35  7.5 0.95 0  7.75 0.95 0  7.75 0.9 0
T diel35  7.75 0.95 0  8 0.9 0  7.75 0.9 0
T diel35  7.75 0.95 0  8 0.95 0  8 0.9 0
T diel35  8 0.95 0  8.25 0.9 0  8 0.9 0
T diel35  8 0.95 0  8.25 0.95 0  8.25 0.9 0
T diel35  8.25 0.95 0  8.5 0.9 0  8.25 0.9 0
T diel35  8.25 0.95 0  8.5 0.95 0  8.5 0.9 0
T diel35  8.5 0.95 0  8.75 0.9 0  8.5 0.9 0
T diel35  8.5 0.95 0  8.75 0.95 0  8.75 0.9 0
T diel35  8.75 0.95 0  9 0.9 0  8.75 0.9 0
T diel35  8.75 0.95 0  9 0.95 0  9 0.9 0
T diel35  9 0.95 0  9.25 0.9 0  9 0.9 0
T diel35  9 0.95 0  9.25 0.95 0  9.25 0.9 0
T diel35  9.25 0.95 0  9.5 0.9 0  9.25 0.9 0
T diel35  9.25 0.95 0  9.5 0.95 0  9.5 0.9 0
T diel35  9.5 0.95 0  9.75 0.9 0  9.5 0.9 0
T diel35  9.5 0.95 0  9.75 0.95 0  9.75 0.9 0
T diel35  9.75 0.95 0  10 0.9 0  9.75 0.9 0
T diel35  9.75 0.95 0  10 0.95 0  10 0.9 0
T diel35  10 0.95 0  10 0.9 0.25  10 0.9 0
T diel35  10 0.95 0  10 0.95 0.25  10 0.9 0.25
T diel35  10 0.95 0.25  10 0.9 0.5  10 0.9 0.25
T diel35  10 0.95 0.25  10 0.95 0.5  10 0.9 0.5
T diel35  10 0.95 0.5  10 0.9 0.75  10 0.9 0.5
T diel35  10 0.95 0.5  10 0.95 0.75  10 0.9 0.75
T diel35  10 0.95 0.75  10 0.9 1  10 0.9 0.75
T diel35  10 0.95 0.75  10 0.95 1  10 0.9 1
T diel35  10 0.95 1  10 0.9 1.25  10 0.9 1
T diel35  10 0.95 1  10 0.95 1.25  10 0.9 1.25
T diel35  10 0.95 1.25  10 0.9 1.5  10 0.9 1.25
T diel35  10 0.95 1.25  10 0.95 1.5  10 0.9 1.5
T diel35  10 0.95 1.5  10 0.9 1.75  10 0.9 1.5
T diel35  10 0.95 1.5  10 0.95 1.75  10 0.9 1.75
T diel35  10 0.95 1.75  10 0.9 2  10 0.9 1.75
T diel35  10 0.95 1.75  10 0.95 2  10 0.9 2
T diel35  10 0.95 2  10 0.9 2.25  10 0.9 2
T diel35  10 0.95 2  10 0.95 2.25  10 0.9 2.25
T diel35  10 0.95 2.25  10 0.9 2.5  10 0.9 2.25
T diel35  10 0.95 2.25  10 0.95 2.5  10 0.9 2.5
T diel35  10 0.95 2.5  10 0.9 2.75  10 0.9 2.5
T diel35  10 0.95 2.5  10 0.95 2.75  10 0.9 2.75
T diel35  10 0.95 2.75  10 0.9 3  10 0.9 2.75
T diel35  10 0.95 2.75  10 0.95 3  10 0.9 3
T diel35  10 0.95 3  10 0.9 3.25  10 0.9 3
T diel35  10 0.95 3  10 0.95 3.25  10 0.9 3.25
T diel35  10 0.95 3.25  10 0.9 3.5  10 0.9 3.25
T diel35  10 0.95 3.25  10 0.95 3.5  10 0.9 3.5
T diel35  10 0.95 3.5  10 0.9 3.75  10 0.9 3.5
T diel35  10 0.95 3.5  10 0.95 3.75  10 0.9 3.75
T diel35  10 0.95 3.75  10 0.9 4  10 0.9 3.75
T diel35  10 0.95 3.75  10 0.95 4  10 0.9 4
T diel35  10 0.95 4  10 0.9 4.25  10 0.9 4
T diel35  10 0.95 4  10 0.95 4.25  10 0.9 4.25
T diel35  10 0.95 4.25  10 0.9 4.5  10 0.9 4.25
T diel35  10 0.95 4.25  10 0.95 4.5  10 0.9 4.5
T diel35  10 0.95 4.5  10 0.9 4.75  10 0.9 4.5
T diel35  10 0.95 4.5  10 0.95 4.75  10 0.9 4.75
T diel35  10 0.95 4.75  10 0.9 5  10 0.9 4.75
T diel35  10 0.95 4.75  10 0.95 5  10 0.9 5
T diel35  10 0.95 5  10 0.9 5.25  10 0.9 5
T diel35  10 0.95 5  10 0.95 5.25  10 0.9 5.25
T diel35  10 0.95 5.25  10 0.9 5.5  10 0.9 5.25
T diel35  10 0.95 5.25  10 0.95 5.5  10 0.9 5.5
T diel35  10 0.95 5.5  10 0.9 5.75  10 0.9 5.5
T diel35  10 0.95 5.5  10 0.95 5.75  10 0.9 5.75
T diel35  10 0.95 5.75  10 0.9 6  10 0.9 5.75
T diel35  10 0.95 5.75  10 0.95 6  10 0.9 6
T diel35  10 0.95 6  10 0.9 6.25  10 0.9 6
T diel35  10 0.95 6  10 0.95 6.25  10 0.9 6.25
T diel35  10 0.95 6.25  10 0.9 6.5  10 0.9 6.25
T diel35  10 0.95 6.25  10 0.95 6.5  10 0.9 6.5
T diel35  10 0.95 6.5  10 0.9 6.75  10 0.9 6.5
T diel35  10 0.95 6.5  10 0.95 6.75  10 0.9 6.75
T diel35  10 0.95 6.75  10 0.9 7  10 0.9 6.75
T diel35  10 0.95 6.75  10 0.95 7  10 0.9 7
T diel35  10 0.95 7  10 0.9 7.25  10 0.9 7
T diel35  10 0.95 7  10 0.95 7.25  10 0.9 7.25
T diel35  10 0.95 7.25  10 0.9 7.5  10 0.9 7.25
T diel35  10 0.95 7.25  10 0.95 7.5  10 0.9 7.5
T diel35  10 0.95 7.5  10 0.9 7.75  10 0.9 7.5
T diel35  10 0.95 7.5  10 0.95 7.75  10 0.9 7.75
T diel35  10 0.95 7.75  10 0.9 8  10 0.9 7.75
T diel35  10 0.95 7.75  10 0.95 8  10 0.9 8
T diel35  10 0.95 8  10 0.9 8.25  10 0.9 8
T diel35  10 0.95 8  10 0.95 8.25  10 0.9 8.25
T diel35  10 0.95 8.25  10 0.9 8.5  10 0.9 8.25
T diel35  10 0.95 8.25  10 0.95 8.5  10 0.9 8.5
T diel35  10 0.95 8.5  10 0.9 8.75  10 0.9 8.5
T diel35  10 0.95 8.5  10 0.95 8.75  10 0.9 8.75
T diel35  10 0.95 8.75  10 0.9 9  10 0.9 8.75
T diel35  10 0.95 8.75  10 0.95 9  10 0.9 9
T diel35  10 0.95 9  10 0.9 9.25  10 0.9 9
T diel35  10 0.95 9  10 0.95 9.25  10 0.9 9.25
T diel35  10 0.95 9.25  10 0.9 9.5  10 0.9 9.25
T diel35  10 0.95 9.25  10 0.95 9.5  10 0.9 9.5
T diel35  10 0.95 9.5  10 0.9 9.75  10 0.9 9.5
T diel35  10 0.95 9.5  10 0.95 9.75  10 0.9 9.75
T diel35  10 0.95 9.75  10 0.9 10  10 0.9 9.75
T diel35  10 0.95 9.75  10 0.95 10  10 0.9 10
T diel35  10 0.95 10  10 0.9 10.25  10 0.9 10
T diel35  10 0.95 10  10 0.95 10.25  10 0.9 10.25
T diel35  10 0.95 10.25  10 0.9 10.5  10 0.9 10.25
T diel35  10 0.95 10.25  10 0.95 10.5  10 0.9 10.5
T diel35  10 0.95 10.5  10 0.9 10.75  10 0.9 10.5
T diel35  10 0.95 10.5  10 0.95 10.75  10 0.9 10.75
T diel35  10 0.95 10.75  10 0.9 11  10 0.9 10.75
T diel35  10 0.95 10.75  10 0.95 11  10 0.9 11
T diel35  10 0.95 11  10 0.9 11.25  10 0.9 11
T diel35  10 0.95 11  10 0.95 11.25  10 0.9 11.25
T diel35  10 0.95 11.25  10 0.9 11.5  10 0.9 11.25
T diel35  10 0.95 11.25  10 0.95 11.5  10 0.9 11.5
T diel35  10 0.95 11.5  10 0.9 11.75  10 0.9 11.5
T diel35  10 0.95 11.5  10 0.95 11.75  10 0.9 11.75
T diel35  10 0.95 11.75  10 0.9 12  10 0.9 11.75
T diel35  10 0.95 11.75  10 0.95 12  10 0.9 12
T diel35  10 0.95 12  10 0.9 12.25  10 0.9 12
T diel35  10 0.95 12  10 0.95 12.25  10 0.9 12.25
T diel35  10 0.95 12.25  10 0.9 12.5  10 0.9 12.25
T diel35  10 0.95 12.25  10 0.95 12.5  10 0.9 12.5
T diel35  10 0.95 12.5  10 0.9 12.75  10 0.9 12.5
T diel35  10 0.95 12.5  10 0.95 12.75  10 0.9 12.75
T diel35  10 0.95 12.75  10 0.9 13  10 0.9 12.75
T diel35  10 0.95 12.75  10 0.95 13  10 0.9 13
T diel35  10 0.95 13  10 0.9 13.25  10 0.9 13
T diel35  10 0.95 13  10 0.95 13.25  10 0.9 13.25
T diel35  10 0.95 13.25  10 0.9 13.5  10 0.9 13.25
T diel35  10 0.95 13.25  10 0.95 13.5  10 0.9 13.5
T diel35  10 0.95 13.5  10 0.9 13.75  10 0.9 13.5
T diel35  10 0.95 13.5  10 0.95 13.75  10 0.9 13.75
T diel35  10 0.95 13.75  10 0.9 14  10 0.9 13.75
T diel35  10 0.95 13.75  10 0.95 14  10 0.9 14
T diel35  10 0.95 14  10 0.9 14.25  10 0.9 14
T diel35  10 0.95 14  10 0.95 14.25  10 0.9 14.25
T diel35  10 0.95 14.25  10 0.9 14.5  10 0.9 14.25
T diel35  10 0.95 14.25  10 0.95 14.5  10 0.9 14.5
T diel35  10 0.95 14.5  10 0.9 14.75  10 0.9 14.5
T diel35  10 0.95 14.5  10 0.95 14.75  10 0.9 14.75
T diel35  10 0.95 14.75  10 0.9 15  10 0.9 14.75
T diel35  10 0.95 14.75  10 0.95 15  10 0.9 15
T diel35  0 0.9 20  0.25 0.95 20  0 0.95 20
T diel35  0 0.9 20  0.25 0.9 20  0.25 0.95 20
T diel35  0.25 0.9 20  0.5 0.95 20  0.25 0.95 20
T diel35  0.25 0.9 20  0.5 0.9 20  0.5 0.95 20
T diel35  0.5 0.9 20  0.75 0.95 20  0.5 0.95 20
T diel35  0.5 0.9 20  0.75 0.9 20  0.75 0.95 20
T diel35  0.75 0.9 20  1 0.95 20  0.75 0.95 20
T diel35  0.75 0.9 20  1 0.9 20  1 0.95 20
T diel35  1 0.9 20  1.25 0.95 20  1 0.95 20
T diel35  1 0.9 20  1.25 0.9 20  1.25 0.95 20
T diel35  1.25 0.9 20  1.5 0.95 20  1.25 0.95 20
T diel35  1.25 0.9 20  1.5 0.9 20  1.5 0.95 20
T diel35  1.5 0.9 20  1.75 0.95 20  1.5 0.95 20
T diel35  1.5 0.9 20  1.75 0.9 20  1.75 0.95 20
T diel35  1.75 0.9 20  2 0.95 20  1.75 0.95 20
T diel35  1.75 0.9 20  2 0.9 20  2 0.95 20
T diel35  2 0.9 20  2.25 0.95 20  2 0.95 20
T diel35  2 0.9 20  2.25 0.9 20  2.25 0.95 20
T diel35  2.25 0.9 20  2.5 0.95 20  2.25 0.95 20
T diel35  2.25 0.9 20  2.5 0.9 20  2.5 0.95 20
T diel35  2.5 0.9 20  2.75 0.95 20  2.5 0.95 20
T diel35  2.5 0.9 20  2.75 0.9 20  2.75 0.95 20
T diel35  2.75 0.9 20  3 0.95 20  2.75 0.95 20
T diel35  2.75 0.9 20  3 0.9 20  3 0.95 20
T diel35  3 0.9 20  3.25 0.95 20  3 0.95 20
T diel35  3 0.9 20  3.25 0.9 20  3.25 0.95 20
T diel35  3.25 0.9 20  3.5 0.95 20  3.25 0.95 20
T diel35  3.25 0.9 20  3.5 0.9 20  3.5 0.95 20
T diel35  3.5 0.9 20  3.75 0.95 20  3.5 0.95 20
T diel35  3.5 0.9 20  3.75 0.9 20  3.75 0.95 20
T diel35  3.75 0.9 20  4 0.95 20  3.75 0.95 20
T diel35  3.75 0.9 20  4 0.9 20  4 0.95 20
T diel35  4 0.9 20  4.25 0.95 20  4 0.95 20
T diel35  4 0.9 20  4.25 0.9 20  4.25 0.95 20
T diel35  4.25 0.9 20  4.5 0.95 20  4.25 0.95 20
T diel35  4.25 0.9 20  4.5 0.9 20  4.5 0.95 20
T diel35  4.5 0.9 20  4.75 0.95 20  4.5 0.95 20
T diel35  4.5 0.9 20  4.75 0.9 20  4.75 0.95 20
T diel35  4.75 0.9 20  5 0.95 20  4.75 0.95 20
T diel35  4.75 0.9 20  5 0.9 20  5 0.95 20
T diel35  10 0.95 15  10 0.9 15.25  10 0.9 15
T diel35  10 0.95 15  10 0.95 15.25  10 0.9 15.25
T diel35  10 0.95 15.25  10 0.9 15.5  10 0.9 15.25
T diel35  10 0.95 15.25  10 0.95 15.5  10 0.9 15.5
T diel35  10 0.95 15.5  10 0.9 15.75  10 0.9 15.5
T diel35  10 0.95 15.5  10 0.95 15.75  10 0.9 15.75
T diel35  10 0.95 15.75  10 0.9 16  10 0.9 15.75
T diel35  10 0.95 15.75  10 0.95 16  10 0.9 16
T diel35  10 0.95 16  10 0.9 16.25  10 0.9 16
T diel35  10 0.95 16  10 0.95 16.25  10 0.9 16.25
T diel35  10 0.95 16.25  10 0.9 16.5  10 0.9 16.25
T diel35  10 0.95 16.25  10 0.95 16.5  10 0.9 16.5
T diel35  10 0.95 16.5  10 0.9 16.75  10 0.9 16.5
T diel35  10 0.95 16.5  10 0.95 16.75  10 0.9 16.75
T diel35  10 0.95 16.75  10 0.9 17  10 0.9 16.75
T diel35  10 0.95 16.75  10 0.95 17  10 0.9 17
T diel35  10 0.95 17  10 0.9 17.25  10 0.9 17
T diel35  10 0.95 17  10 0.95 17.25  10 0.9 17.25
T diel35  10 0.95 17.25  10 0.9 17.5  10 0.9 17.25
T diel35  10 0.95 17.25  10 0.95 17.5  10 0.9 17.5
T diel35  5 0.9 20  5.25 0.95 20  5 0.95 20
T diel35  5 0.9 20  5.25 0.9 20  5.25 0.95 20
T diel35  5.25 0.9 20  5.5 0.95 20  5.25 0.95 20
T diel35  5.25 0.9 20  5.5 0.9 20  5.5 0.95 20
T diel35  5.5 0.9 20  5.75 0.95 20  5.5 0.95 20
T diel35  5.5 0.9 20  5.75 0.9 20  5.75 0.95 20
T diel35  5.75 0.9 20  6 0.95 20  5.75 0.95 20
T diel35  5.75 0.9 20  6 0.9 20  6 0.95 20
T diel35  6 0.9 20  6.25 0.95 20  6 0.95 20
T diel35  6 0.9 20  6.25 0.9 20  6.25 0.95 20
T diel35  6.25 0.9 20  6.5 0.95 20  6.25 0.95 20
T diel35  6.25 0.9 20  6.5 0.9 20  6.5 0.95 20
T diel35  6.5 0.9 20  6.75 0.95 20  6.5 0.95 20
T diel35  6.5 0.9 20  6.75 0.9 20  6.75 0.95 20
T diel35  6.75 0.9 20  7 0.95 20  6.75 0.95 20
T diel35  6.75 0.9 20  7 0.9 20  7 0.95 20
T diel35  7 0.9 20  7.25 0.95 20  7 0.95 20
T diel35  7 0.9 20  7.25 0.9 20  7.25 0.95 20
T diel35  7.25 0.9 20  7.5 0.95 20  7.25 0.95 20
T diel35  7.25 0.9 20  7.5 0.9 20  7.5 0.95 20
T diel35  7.5 0.9 20  7.75 0.95 20  7.5 0.95 20
T diel35  7.5 0.9 20  7.75 0.9 20  7.75 0.95 20
T diel35  7.75 0.9 20  8 0.95 20  7.75 0.95 20
T diel35  7.75 0.9 20  8 0.9 20  8 0.95 20
T diel35  8 0.9 20  8.25 0.95 20  8 0.95 20
T diel35  8 0.9 20  8.25 0.9 20  8.25 0.95 20
T diel35  8.25 0.9 20  8.5 0.95 20  8.25 0.95 20
T diel35  8.25 0.9 20  8.5 0.9 20  8.5 0.95 20
T diel35  8.5 0.9 20  8.75 0.95 20  8.5 0.95 20
T diel35  8.5 0.9 20  8.75 0.9 20  8.75 0.95 20
T diel35  10 0.95 17.5  10 0.9 17.75  10 0.9 17.5
T diel35  10 0.95 17.5  10 0.95 17.75  10 0.9 17.75
T diel35  10 0.95 17.75  10 0.9 18  10 0.9 17.75
T diel35  10 0.95 17.75  10 0.95 18  10 0.9 18
T diel35  10 0.95 18  10 0.9 18.25  10 0.9 18
T diel35  10 0.95 18  10 0.95 18.25  10 0.9 18.25
T diel35  10 0.95 18.25  10 0.9 18.5  10 0.9 18.25
T diel35  10 0.95 18.25  10 0.95 18.5  10 0.9 18.5
T diel35  10 0.95 18.5  10 0.9 18.75  10 0.9 18.5
T diel35  10 0.95 18.5  10 0.95 18.75  10 0.9 18.75
T diel35  8.75 0.9 20  9 0.95 20  8.75 0.95 20
T diel35  8.75 0.9 20  9 0.9 20  9 0.95 20
T diel35  9 0.9 20  9.25 0.95 20  9 0.95 20
T diel35  9 0.9 20  9.25 0.9 20  9.25 0.95 20
T diel35  9.25 0.9 20  9.5 0.95 20  9.25 0.95 20
T diel35  10 0.95 18.75  10 0.9 19  10 0.9 18.75
T diel35  10 0.95 18.75  10 0.95 19  10 0.9 19
T diel35  10 0.95 19  10 0.9 19.25  10 0.9 19
T diel35  10 0.95 19  10 0.95 19.25  10 0.9 19.25
T diel35  10 0.95 19.25  10 0.9 19.5  10 0.9 19.25
T diel35  10 0.95 19.25  10 0.95 19.5  10 0.9 19.5
T diel35  9.25 0.9 20  9.5 0.9 20  9.5 0.95 20
T diel35  9.5 0.9 20  9.75 0.95 20  9.5 0.95 20
T diel35  9.5 0.9 20  9.75 0.9 20  9.75 0.95 20
T diel35  10 0.95 19.5  10 0.9 19.75  10 0.9 19.5
T diel35  10 0.95 19.5  10 0.95 19.75  10 0.9 19.75
T diel35  9.75 0.9 20  10 0.95 20  9.75 0.95 20
T diel35  10 0.95 19.75  10 0.9 20  10 0.9 19.75
T diel35  10 0.95 19.75  10 0.95 20  10 0.9 20
T diel35  9.75 0.9 20  10 0.9 20  10 0.95 20
